 -19.000000  2050.000000       1000000
 -19.000000  2150.000000       1000000
 -19.000000  2250.000000       1000000
 -19.000000  2350.000000       1000000
 -19.000000  2450.000000       1000000
 -19.000000  2550.000000       1000000
 -19.000000  2650.000000       1000000
 -19.000000  2750.000000       1000000
 -19.000000  2850.000000       1000000
 -19.000000  2950.000000       1000000
 -19.000000  3050.000000       1000000
 -19.000000  3150.000000       1000000
 -19.000000  3250.000000       1000000
 -19.000000  3350.000000       1000000
 -19.000000  3450.000000       1000000
 -19.000000  3550.000000       1000000
 -19.000000  3650.000000       1000000
 -19.000000  3750.000000       1000000
 -19.000000  3850.000000       1000000
 -19.000000  3950.000000       1000000
 -19.000000  4050.000000       1000000
 -19.000000  4150.000000       1000000
 -19.000000  4250.000000       1000000
 -19.000000  4350.000000       1000000
 -19.000000  4450.000000       1000000
 -19.000000  4550.000000       1000000
 -19.000000  4650.000000       1000000
 -19.000000  4750.000000       1000000
 -19.000000  4850.000000       1000000
 -19.000000  4950.000000       1000000
 -19.000000  5050.000000       1000000
 -19.000000  5150.000000       1000000
 -19.000000  5250.000000       1000000
 -19.000000  5350.000000       1000000
 -19.000000  5450.000000       1000000
 -19.000000  5550.000000       1000000
 -19.000000  5650.000000       1000000
 -19.000000  5750.000000       1000000
 -19.000000  5850.000000       1000000
 -19.000000  5950.000000       1000000
 -19.000000  6050.000000       1000000
 -19.000000  6150.000000       1000000
 -19.000000  6250.000000       1000000
 -19.000000  6350.000000       1000000
 -19.000000  6450.000000       1000000
 -19.000000  6550.000000       1000000
 -19.000000  6650.000000       1000000
 -19.000000  6750.000000       1000000
 -19.000000  6850.000000       1000000
 -19.000000  6950.000000       1000000
 -19.000000  7050.000000       1000000
 -19.000000  7150.000000       1000000
 -19.000000  7250.000000       1000000
 -19.000000  7350.000000       1000000
 -19.000000  7450.000000       1000000
 -19.000000  7550.000000       1000000
 -19.000000  7650.000000       1000000
 -19.000000  7750.000000       1000000
 -19.000000  7850.000000       1000000
 -19.000000  7950.000000       1000000
 -19.000000  8050.000000       1000000
 -19.000000  8150.000000       1000000
 -19.000000  8250.000000       1000000
 -19.000000  8350.000000       1000000
 -19.000000  8450.000000       1000000
 -19.000000  8550.000000       1000000
 -19.000000  8650.000000       1000000
 -19.000000  8750.000000       1000000
 -19.000000  8850.000000       1000000
 -19.000000  8950.000000       1000000
 -19.000000  9050.000000       1000000
 -19.000000  9150.000000       1000000
 -17.000000  2050.000000       1000000
 -17.000000  2150.000000       1000000
 -17.000000  2250.000000       1000000
 -17.000000  2350.000000       1000000
 -17.000000  2450.000000       1000000
 -17.000000  2550.000000       1000000
 -17.000000  2650.000000       1000000
 -17.000000  2750.000000       1000000
 -17.000000  2850.000000       1000000
 -17.000000  2950.000000       1000000
 -17.000000  3050.000000       1000000
 -17.000000  3150.000000       1000000
 -17.000000  3250.000000       1000000
 -17.000000  3350.000000  0.4929213844
 -17.000000  3450.000000  0.7248029923
 -17.000000  3550.000000   9.482789181
 -17.000000  3650.000000   8.940134742
 -17.000000  3750.000000    9.07996763
 -17.000000  3850.000000   10.21920795
 -17.000000  3950.000000   11.59919962
 -17.000000  4050.000000   8.350736884
 -17.000000  4150.000000    3.95664444
 -17.000000  4250.000000   4.303314222
 -17.000000  4350.000000   5.280641762
 -17.000000  4450.000000   9.359634622
 -17.000000  4550.000000   7.186738119
 -17.000000  4650.000000   3.349447482
 -17.000000  4750.000000   3.041025963
 -17.000000  4850.000000   3.148183304
 -17.000000  4950.000000   2.168098173
 -17.000000  5050.000000   1.831782334
 -17.000000  5150.000000   1.691550881
 -17.000000  5250.000000   1.282999547
 -17.000000  5350.000000    1.54172558
 -17.000000  5450.000000   1.860376211
 -17.000000  5550.000000   2.200002409
 -17.000000  5650.000000   2.332233754
 -17.000000  5750.000000     2.0756882
 -17.000000  5850.000000   3.032605688
 -17.000000  5950.000000   5.943723814
 -17.000000  6050.000000   6.037693387
 -17.000000  6150.000000   3.289982671
 -17.000000  6250.000000   2.625160607
 -17.000000  6350.000000   2.234862515
 -17.000000  6450.000000  0.3725806955
 -17.000000  6550.000000  0.2392118675
 -17.000000  6650.000000  0.3316973558
 -17.000000  6750.000000  0.2345748102
 -17.000000  6850.000000  0.1699598028
 -17.000000  6950.000000  0.4043645665
 -17.000000  7050.000000  0.6235057244
 -17.000000  7150.000000  0.5271460203
 -17.000000  7250.000000  0.5981139369
 -17.000000  7350.000000  0.4858530246
 -17.000000  7450.000000  0.7694059665
 -17.000000  7550.000000   0.578998427
 -17.000000  7650.000000  0.01974744046
 -17.000000  7750.000000  0.4756321926
 -17.000000  7850.000000       1000000
 -17.000000  7950.000000       1000000
 -17.000000  8050.000000       1000000
 -17.000000  8150.000000       1000000
 -17.000000  8250.000000       1000000
 -17.000000  8350.000000       1000000
 -17.000000  8450.000000       1000000
 -17.000000  8550.000000       1000000
 -17.000000  8650.000000       1000000
 -17.000000  8750.000000       1000000
 -17.000000  8850.000000       1000000
 -17.000000  8950.000000       1000000
 -17.000000  9050.000000       1000000
 -17.000000  9150.000000       1000000
 -15.000000  2050.000000       1000000
 -15.000000  2150.000000       1000000
 -15.000000  2250.000000       1000000
 -15.000000  2350.000000       1000000
 -15.000000  2450.000000       1000000
 -15.000000  2550.000000       1000000
 -15.000000  2650.000000       1000000
 -15.000000  2750.000000       1000000
 -15.000000  2850.000000       1000000
 -15.000000  2950.000000       1000000
 -15.000000  3050.000000       1000000
 -15.000000  3150.000000  0.02858748441
 -15.000000  3250.000000  0.02370200227
 -15.000000  3350.000000   0.158052256
 -15.000000  3450.000000  0.2931306879
 -15.000000  3550.000000   9.221346484
 -15.000000  3650.000000     10.388977
 -15.000000  3750.000000   9.330691049
 -15.000000  3850.000000   10.51220933
 -15.000000  3950.000000   11.91768264
 -15.000000  4050.000000   9.816540139
 -15.000000  4150.000000   7.750406078
 -15.000000  4250.000000   6.210883412
 -15.000000  4350.000000   4.728331339
 -15.000000  4450.000000   6.327057488
 -15.000000  4550.000000   7.186738119
 -15.000000  4650.000000   3.349447482
 -15.000000  4750.000000   3.041025963
 -15.000000  4850.000000   3.148183304
 -15.000000  4950.000000   2.168098173
 -15.000000  5050.000000   1.831782334
 -15.000000  5150.000000   1.691550881
 -15.000000  5250.000000   1.282999547
 -15.000000  5350.000000    1.54172558
 -15.000000  5450.000000   1.860376211
 -15.000000  5550.000000   2.200002409
 -15.000000  5650.000000   2.332233754
 -15.000000  5750.000000     2.0756882
 -15.000000  5850.000000   3.032605688
 -15.000000  5950.000000   5.943723814
 -15.000000  6050.000000   6.037693387
 -15.000000  6150.000000   3.289982671
 -15.000000  6250.000000   2.625160607
 -15.000000  6350.000000   2.234862515
 -15.000000  6450.000000  0.3725806955
 -15.000000  6550.000000  0.2392118675
 -15.000000  6650.000000  0.3316973558
 -15.000000  6750.000000  0.2345748102
 -15.000000  6850.000000  0.1699598028
 -15.000000  6950.000000  0.4043645665
 -15.000000  7050.000000  0.6235057244
 -15.000000  7150.000000  0.1353715431
 -15.000000  7250.000000  0.1983508821
 -15.000000  7350.000000  0.02283686434
 -15.000000  7450.000000  0.3756093064
 -15.000000  7550.000000  0.3024342268
 -15.000000  7650.000000  0.05715084599
 -15.000000  7750.000000  0.02604693621
 -15.000000  7850.000000  0.9108130567
 -15.000000  7950.000000   1.185245804
 -15.000000  8050.000000  0.02983081249
 -15.000000  8150.000000  0.01178026863
 -15.000000  8250.000000  0.01458882003
 -15.000000  8350.000000  0.01378489319
 -15.000000  8450.000000  0.02165760842
 -15.000000  8550.000000       1000000
 -15.000000  8650.000000       1000000
 -15.000000  8750.000000       1000000
 -15.000000  8850.000000       1000000
 -15.000000  8950.000000       1000000
 -15.000000  9050.000000       1000000
 -15.000000  9150.000000       1000000
 -13.000000  2050.000000       1000000
 -13.000000  2150.000000       1000000
 -13.000000  2250.000000       1000000
 -13.000000  2350.000000       1000000
 -13.000000  2450.000000       1000000
 -13.000000  2550.000000       1000000
 -13.000000  2650.000000       1000000
 -13.000000  2750.000000       1000000
 -13.000000  2850.000000       1000000
 -13.000000  2950.000000  0.02638219358
 -13.000000  3050.000000  0.02419603701
 -13.000000  3150.000000  0.01892156407
 -13.000000  3250.000000  0.01448754816
 -13.000000  3350.000000   0.158052256
 -13.000000  3450.000000  0.2931306879
 -13.000000  3550.000000   9.221346484
 -13.000000  3650.000000     10.388977
 -13.000000  3750.000000   9.330691049
 -13.000000  3850.000000   10.51220933
 -13.000000  3950.000000   11.91768264
 -13.000000  4050.000000   9.816540139
 -13.000000  4150.000000   7.750406078
 -13.000000  4250.000000   6.210883412
 -13.000000  4350.000000   4.728331339
 -13.000000  4450.000000   6.327057488
 -13.000000  4550.000000    5.65320717
 -13.000000  4650.000000   3.412009933
 -13.000000  4750.000000   3.794238309
 -13.000000  4850.000000   3.929403279
 -13.000000  4950.000000   2.985943454
 -13.000000  5050.000000    2.99060184
 -13.000000  5150.000000   2.390319161
 -13.000000  5250.000000    1.26640692
 -13.000000  5350.000000   1.586118564
 -13.000000  5450.000000    1.73663089
 -13.000000  5550.000000   1.627123573
 -13.000000  5650.000000   1.688911944
 -13.000000  5750.000000   1.490287848
 -13.000000  5850.000000   3.146242595
 -13.000000  5950.000000   6.778850275
 -13.000000  6050.000000    7.05449504
 -13.000000  6150.000000   3.871725568
 -13.000000  6250.000000   2.663581132
 -13.000000  6350.000000   2.413962992
 -13.000000  6450.000000  0.5571066832
 -13.000000  6550.000000  0.2243688887
 -13.000000  6650.000000  0.4204541784
 -13.000000  6750.000000  0.3926832486
 -13.000000  6850.000000  0.1693144277
 -13.000000  6950.000000  0.2069905837
 -13.000000  7050.000000  0.3153595677
 -13.000000  7150.000000  0.1353715431
 -13.000000  7250.000000  0.1983508821
 -13.000000  7350.000000  0.02283686434
 -13.000000  7450.000000  0.3756093064
 -13.000000  7550.000000  0.3024342268
 -13.000000  7650.000000  0.05715084599
 -13.000000  7750.000000  0.02604693621
 -13.000000  7850.000000   1.360310853
 -13.000000  7950.000000   1.792955019
 -13.000000  8050.000000   1.098206179
 -13.000000  8150.000000  0.1741558593
 -13.000000  8250.000000  0.3840166932
 -13.000000  8350.000000   1.061944311
 -13.000000  8450.000000   1.851478699
 -13.000000  8550.000000   2.692903068
 -13.000000  8650.000000   2.879804141
 -13.000000  8750.000000   1.999983351
 -13.000000  8850.000000   0.744843834
 -13.000000  8950.000000  0.5879821879
 -13.000000  9050.000000   1.698416063
 -13.000000  9150.000000   2.399801655
 -11.000000  2050.000000  5.428317552e-05
 -11.000000  2150.000000  0.0006342283932
 -11.000000  2250.000000  0.001573599423
 -11.000000  2350.000000  0.007283708889
 -11.000000  2450.000000  0.008583159494
 -11.000000  2550.000000  0.006874460906
 -11.000000  2650.000000  0.007685001463
 -11.000000  2750.000000  0.01562778418
 -11.000000  2850.000000  0.02194414549
 -11.000000  2950.000000  0.02312475778
 -11.000000  3050.000000  0.02164088987
 -11.000000  3150.000000  0.02530081072
 -11.000000  3250.000000  0.01545882799
 -11.000000  3350.000000  0.1843629347
 -11.000000  3450.000000    0.42101378
 -11.000000  3550.000000   10.15800238
 -11.000000  3650.000000   11.74786623
 -11.000000  3750.000000   10.46679697
 -11.000000  3850.000000   11.17434709
 -11.000000  3950.000000   11.75151837
 -11.000000  4050.000000   9.596787006
 -11.000000  4150.000000   8.590532263
 -11.000000  4250.000000   9.117516733
 -11.000000  4350.000000   8.661417296
 -11.000000  4450.000000   7.624856492
 -11.000000  4550.000000    7.31623775
 -11.000000  4650.000000    6.10826773
 -11.000000  4750.000000   7.392716244
 -11.000000  4850.000000   6.749019946
 -11.000000  4950.000000   4.319763289
 -11.000000  5050.000000   4.181275892
 -11.000000  5150.000000   3.252745687
 -11.000000  5250.000000   1.714464616
 -11.000000  5350.000000   2.537780249
 -11.000000  5450.000000   2.559446973
 -11.000000  5550.000000   2.043992143
 -11.000000  5650.000000   2.420744663
 -11.000000  5750.000000   1.998588969
 -11.000000  5850.000000   3.723446629
 -11.000000  5950.000000   7.818754406
 -11.000000  6050.000000   8.630496444
 -11.000000  6150.000000   5.403329188
 -11.000000  6250.000000   2.933339448
 -11.000000  6350.000000   2.918012407
 -11.000000  6450.000000   1.391947805
 -11.000000  6550.000000  0.8230800029
 -11.000000  6650.000000   1.552528095
 -11.000000  6750.000000   1.763008137
 -11.000000  6850.000000   1.055304995
 -11.000000  6950.000000  0.05754064143
 -11.000000  7050.000000  0.5130220346
 -11.000000  7150.000000  0.5181327864
 -11.000000  7250.000000  0.1248047938
 -11.000000  7350.000000  0.2569822661
 -11.000000  7450.000000  0.4488192225
 -11.000000  7550.000000  0.3437554424
 -11.000000  7650.000000  0.1811438339
 -11.000000  7750.000000  0.3396044359
 -11.000000  7850.000000   1.385376469
 -11.000000  7950.000000   1.830801637
 -11.000000  8050.000000   1.104450082
 -11.000000  8150.000000  0.1755612345
 -11.000000  8250.000000  0.3864801186
 -11.000000  8350.000000   1.052142366
 -11.000000  8450.000000   1.846702535
 -11.000000  8550.000000   2.692903068
 -11.000000  8650.000000   2.879804141
 -11.000000  8750.000000   1.999983351
 -11.000000  8850.000000   0.744843834
 -11.000000  8950.000000  0.5879821879
 -11.000000  9050.000000   1.698416063
 -11.000000  9150.000000   2.399801655
 -9.000000  2050.000000  0.1871931431
 -9.000000  2150.000000  0.4427718303
 -9.000000  2250.000000  0.6302604579
 -9.000000  2350.000000  0.3566446695
 -9.000000  2450.000000   0.291630113
 -9.000000  2550.000000  0.007623193387
 -9.000000  2650.000000  0.008104062472
 -9.000000  2750.000000  0.01252971472
 -9.000000  2850.000000  0.01679410448
 -9.000000  2950.000000  0.01608228219
 -9.000000  3050.000000  0.01648002137
 -9.000000  3150.000000  0.01421641971
 -9.000000  3250.000000  0.009279346637
 -9.000000  3350.000000  0.1694504919
 -9.000000  3450.000000  0.2550043139
 -9.000000  3550.000000   10.80759853
 -9.000000  3650.000000   17.66175408
 -9.000000  3750.000000   16.10128403
 -9.000000  3850.000000   10.86647227
 -9.000000  3950.000000    9.20636286
 -9.000000  4050.000000   7.063944361
 -9.000000  4150.000000   6.762078093
 -9.000000  4250.000000   9.134864537
 -9.000000  4350.000000   9.600666138
 -9.000000  4450.000000    8.44456053
 -9.000000  4550.000000   8.046992053
 -9.000000  4650.000000   7.367865783
 -9.000000  4750.000000   9.866584387
 -9.000000  4850.000000   9.148816893
 -9.000000  4950.000000    5.35118619
 -9.000000  5050.000000   4.291388099
 -9.000000  5150.000000   4.440104373
 -9.000000  5250.000000   3.941532298
 -9.000000  5350.000000   4.240999994
 -9.000000  5450.000000   3.575469849
 -9.000000  5550.000000   2.051672192
 -9.000000  5650.000000   3.483446469
 -9.000000  5750.000000   3.709358696
 -9.000000  5850.000000    4.74059299
 -9.000000  5950.000000    8.83563446
 -9.000000  6050.000000   9.727314718
 -9.000000  6150.000000   6.434041948
 -9.000000  6250.000000   2.397257813
 -9.000000  6350.000000   2.323623569
 -9.000000  6450.000000    1.21705392
 -9.000000  6550.000000  0.5381159177
 -9.000000  6650.000000   1.395283784
 -9.000000  6750.000000   1.810016656
 -9.000000  6850.000000   1.314158152
 -9.000000  6950.000000  0.2880726333
 -9.000000  7050.000000  0.3730823852
 -9.000000  7150.000000  0.3469117592
 -9.000000  7250.000000   0.570381489
 -9.000000  7350.000000  0.7944993651
 -9.000000  7450.000000  0.7071570488
 -9.000000  7550.000000  0.3696749986
 -9.000000  7650.000000  0.5998003378
 -9.000000  7750.000000  0.9015784022
 -9.000000  7850.000000   2.672610459
 -9.000000  7950.000000   3.839674106
 -9.000000  8050.000000   3.222023641
 -9.000000  8150.000000   2.390429898
 -9.000000  8250.000000   2.266726443
 -9.000000  8350.000000    1.76983634
 -9.000000  8450.000000   2.217341977
 -9.000000  8550.000000   3.086523147
 -9.000000  8650.000000   3.131328302
 -9.000000  8750.000000   1.841084139
 -9.000000  8850.000000  0.6565432129
 -9.000000  8950.000000  0.5500214767
 -9.000000  9050.000000   1.422806588
 -9.000000  9150.000000   2.050055866
 -7.000000  2050.000000  0.2345029843
 -7.000000  2150.000000   0.543680329
 -7.000000  2250.000000  0.6309063452
 -7.000000  2350.000000  0.3567080055
 -7.000000  2450.000000  0.2912690324
 -7.000000  2550.000000   1.298245556
 -7.000000  2650.000000  0.3255585344
 -7.000000  2750.000000  0.3239587155
 -7.000000  2850.000000  0.2640342621
 -7.000000  2950.000000  0.3859201546
 -7.000000  3050.000000  0.3721422824
 -7.000000  3150.000000  0.2944259093
 -7.000000  3250.000000  0.4891786765
 -7.000000  3350.000000  0.6327402424
 -7.000000  3450.000000   2.208555067
 -7.000000  3550.000000   4.196580033
 -7.000000  3650.000000    9.81728467
 -7.000000  3750.000000   11.55664777
 -7.000000  3850.000000   8.983225067
 -7.000000  3950.000000   4.777408598
 -7.000000  4050.000000   3.382213724
 -7.000000  4150.000000   5.060438793
 -7.000000  4250.000000    8.28246838
 -7.000000  4350.000000   8.867904435
 -7.000000  4450.000000   8.015826661
 -7.000000  4550.000000   8.070091126
 -7.000000  4650.000000   6.465169297
 -7.000000  4750.000000   7.648133328
 -7.000000  4850.000000   7.292157003
 -7.000000  4950.000000   5.348889997
 -7.000000  5050.000000   4.937657634
 -7.000000  5150.000000   4.560076519
 -7.000000  5250.000000    4.71050983
 -7.000000  5350.000000   5.134598264
 -7.000000  5450.000000   4.049154815
 -7.000000  5550.000000   2.807191719
 -7.000000  5650.000000   3.972494183
 -7.000000  5750.000000   4.014661095
 -7.000000  5850.000000   4.050956246
 -7.000000  5950.000000   8.623278447
 -7.000000  6050.000000   10.13098899
 -7.000000  6150.000000   6.556423468
 -7.000000  6250.000000   2.433495699
 -7.000000  6350.000000   2.425974099
 -7.000000  6450.000000   1.525278454
 -7.000000  6550.000000  0.5802036771
 -7.000000  6650.000000   1.267405761
 -7.000000  6750.000000   1.659563784
 -7.000000  6850.000000   1.206375224
 -7.000000  6950.000000  0.7129801918
 -7.000000  7050.000000   1.059322081
 -7.000000  7150.000000   1.563952107
 -7.000000  7250.000000   1.574611149
 -7.000000  7350.000000   0.505077875
 -7.000000  7450.000000  0.6171987583
 -7.000000  7550.000000  0.4217005612
 -7.000000  7650.000000  0.4676727378
 -7.000000  7750.000000  0.7721729881
 -7.000000  7850.000000   2.746117501
 -7.000000  7950.000000   4.319853762
 -7.000000  8050.000000   4.012302573
 -7.000000  8150.000000     2.8438868
 -7.000000  8250.000000   2.256528685
 -7.000000  8350.000000   1.347299649
 -7.000000  8450.000000   1.202086721
 -7.000000  8550.000000   1.315538893
 -7.000000  8650.000000  0.5376710398
 -7.000000  8750.000000  0.009610403223
 -7.000000  8850.000000  0.1341984959
 -7.000000  8950.000000  0.4276359166
 -7.000000  9050.000000  0.8775599739
 -7.000000  9150.000000   1.193663671
 -5.000000  2050.000000  0.2899170155
 -5.000000  2150.000000  0.6825793692
 -5.000000  2250.000000    1.22170551
 -5.000000  2350.000000   1.630223632
 -5.000000  2450.000000   4.339223442
 -5.000000  2550.000000   3.268976193
 -5.000000  2650.000000   1.769567767
 -5.000000  2750.000000   2.035498248
 -5.000000  2850.000000   3.281957824
 -5.000000  2950.000000   5.026790673
 -5.000000  3050.000000   8.209385168
 -5.000000  3150.000000    8.27604503
 -5.000000  3250.000000   5.250607411
 -5.000000  3350.000000   7.417876738
 -5.000000  3450.000000   10.10264945
 -5.000000  3550.000000   9.542084888
 -5.000000  3650.000000   10.05122911
 -5.000000  3750.000000   12.73297515
 -5.000000  3850.000000   13.05380523
 -5.000000  3950.000000   10.54856055
 -5.000000  4050.000000    9.84650219
 -5.000000  4150.000000    9.66955069
 -5.000000  4250.000000   8.582724941
 -5.000000  4350.000000     7.4398792
 -5.000000  4450.000000   5.449366091
 -5.000000  4550.000000   5.454839489
 -5.000000  4650.000000   6.086735655
 -5.000000  4750.000000   9.521268951
 -5.000000  4850.000000   10.70649651
 -5.000000  4950.000000   8.337704042
 -5.000000  5050.000000   6.160412355
 -5.000000  5150.000000   4.570740516
 -5.000000  5250.000000    4.56735212
 -5.000000  5350.000000   4.327479774
 -5.000000  5450.000000    4.18893262
 -5.000000  5550.000000    3.58801749
 -5.000000  5650.000000    3.23438492
 -5.000000  5750.000000    3.88525088
 -5.000000  5850.000000   3.099846845
 -5.000000  5950.000000    6.07618614
 -5.000000  6050.000000   7.983096315
 -5.000000  6150.000000   6.395373323
 -5.000000  6250.000000   3.540552554
 -5.000000  6350.000000   2.320789558
 -5.000000  6450.000000   1.919641348
 -5.000000  6550.000000  0.8302042969
 -5.000000  6650.000000  0.7668330932
 -5.000000  6750.000000   1.062866851
 -5.000000  6850.000000  0.8474845254
 -5.000000  6950.000000  0.4690027132
 -5.000000  7050.000000  0.8428956854
 -5.000000  7150.000000  0.8690958119
 -5.000000  7250.000000   1.117308003
 -5.000000  7350.000000   1.267179325
 -5.000000  7450.000000   1.308542595
 -5.000000  7550.000000   1.081052531
 -5.000000  7650.000000  0.5580617419
 -5.000000  7750.000000  0.3481115006
 -5.000000  7850.000000  0.4586495901
 -5.000000  7950.000000  0.7977752996
 -5.000000  8050.000000   2.285631645
 -5.000000  8150.000000   3.385277291
 -5.000000  8250.000000   3.125532621
 -5.000000  8350.000000   1.808988756
 -5.000000  8450.000000   1.215707293
 -5.000000  8550.000000   1.299445138
 -5.000000  8650.000000  0.7538255727
 -5.000000  8750.000000  0.6188745819
 -5.000000  8850.000000   1.271353791
 -5.000000  8950.000000   1.990636291
 -5.000000  9050.000000   2.753112334
 -5.000000  9150.000000   2.874632179
 -3.000000  2050.000000  0.3407401435
 -3.000000  2150.000000  0.1720485854
 -3.000000  2250.000000  0.1127460527
 -3.000000  2350.000000  0.05188281825
 -3.000000  2450.000000  0.3001025236
 -3.000000  2550.000000   1.050086105
 -3.000000  2650.000000   1.623100476
 -3.000000  2750.000000   4.306308121
 -3.000000  2850.000000   6.978604785
 -3.000000  2950.000000    22.5667484
 -3.000000  3050.000000   26.69896147
 -3.000000  3150.000000    22.7856126
 -3.000000  3250.000000    25.3164974
 -3.000000  3350.000000    24.3372909
 -3.000000  3450.000000   11.84886908
 -3.000000  3550.000000   10.12572626
 -3.000000  3650.000000   12.35283889
 -3.000000  3750.000000   10.60456983
 -3.000000  3850.000000   9.649870085
 -3.000000  3950.000000   8.190884041
 -3.000000  4050.000000   5.635105026
 -3.000000  4150.000000   5.440779208
 -3.000000  4250.000000   6.864647893
 -3.000000  4350.000000   7.688729128
 -3.000000  4450.000000   6.986516271
 -3.000000  4550.000000   5.610741416
 -3.000000  4650.000000   5.024405136
 -3.000000  4750.000000   5.827161961
 -3.000000  4850.000000   5.678397716
 -3.000000  4950.000000   4.207184291
 -3.000000  5050.000000   3.704437267
 -3.000000  5150.000000   5.008416249
 -3.000000  5250.000000   5.607647576
 -3.000000  5350.000000   3.902810968
 -3.000000  5450.000000    3.25369634
 -3.000000  5550.000000   2.924193764
 -3.000000  5650.000000   2.404965747
 -3.000000  5750.000000   2.560843084
 -3.000000  5850.000000   2.487376695
 -3.000000  5950.000000   5.019311021
 -3.000000  6050.000000   6.153406886
 -3.000000  6150.000000   4.177441042
 -3.000000  6250.000000     2.1655326
 -3.000000  6350.000000   2.454836143
 -3.000000  6450.000000   2.258782718
 -3.000000  6550.000000   1.630556694
 -3.000000  6650.000000   1.285410016
 -3.000000  6750.000000  0.8744067551
 -3.000000  6850.000000  0.7443745507
 -3.000000  6950.000000   0.653256881
 -3.000000  7050.000000   0.509427379
 -3.000000  7150.000000   0.648566797
 -3.000000  7250.000000   0.721730537
 -3.000000  7350.000000  0.6372355351
 -3.000000  7450.000000  0.7312927488
 -3.000000  7550.000000  0.7897231426
 -3.000000  7650.000000   0.566971566
 -3.000000  7750.000000  0.5846880575
 -3.000000  7850.000000  0.8492672117
 -3.000000  7950.000000   1.231021022
 -3.000000  8050.000000   3.403312639
 -3.000000  8150.000000    4.95386268
 -3.000000  8250.000000    4.37488249
 -3.000000  8350.000000   2.351181758
 -3.000000  8450.000000   1.311043595
 -3.000000  8550.000000   1.276499631
 -3.000000  8650.000000   1.179029865
 -3.000000  8750.000000    1.64445992
 -3.000000  8850.000000   1.744508527
 -3.000000  8950.000000   1.960482884
 -3.000000  9050.000000   2.665816684
 -3.000000  9150.000000   2.869383302
 -1.000000  2050.000000   7.477589146
 -1.000000  2150.000000  0.03512808332
 -1.000000  2250.000000  0.03599817755
 -1.000000  2350.000000  0.04033743939
 -1.000000  2450.000000  0.7937093648
 -1.000000  2550.000000   1.635672303
 -1.000000  2650.000000   2.653673587
 -1.000000  2750.000000    5.09362842
 -1.000000  2850.000000   10.61561505
 -1.000000  2950.000000   9.855348899
 -1.000000  3050.000000   9.189032947
 -1.000000  3150.000000   9.773822909
 -1.000000  3250.000000   8.574156364
 -1.000000  3350.000000   7.393262815
 -1.000000  3450.000000   7.485236071
 -1.000000  3550.000000   8.687747604
 -1.000000  3650.000000   10.00283682
 -1.000000  3750.000000   12.61613997
 -1.000000  3850.000000   15.03735018
 -1.000000  3950.000000   13.54749886
 -1.000000  4050.000000   12.16580042
 -1.000000  4150.000000    14.4786039
 -1.000000  4250.000000   12.26491422
 -1.000000  4350.000000   7.913207611
 -1.000000  4450.000000   9.035427132
 -1.000000  4550.000000   12.37492701
 -1.000000  4650.000000   11.30576082
 -1.000000  4750.000000   7.825871226
 -1.000000  4850.000000   6.505388632
 -1.000000  4950.000000   3.791779257
 -1.000000  5050.000000   3.497979269
 -1.000000  5150.000000   5.191210394
 -1.000000  5250.000000   5.921127649
 -1.000000  5350.000000   4.669876028
 -1.000000  5450.000000   4.882797003
 -1.000000  5550.000000   4.520797735
 -1.000000  5650.000000   2.541998154
 -1.000000  5750.000000   3.893500617
 -1.000000  5850.000000   4.281772409
 -1.000000  5950.000000   6.394377115
 -1.000000  6050.000000   8.753940153
 -1.000000  6150.000000   7.879558648
 -1.000000  6250.000000   4.908536559
 -1.000000  6350.000000   3.145610061
 -1.000000  6450.000000   2.786630745
 -1.000000  6550.000000   2.036121996
 -1.000000  6650.000000   1.743657857
 -1.000000  6750.000000   1.256551735
 -1.000000  6850.000000   1.128759473
 -1.000000  6950.000000   1.118953555
 -1.000000  7050.000000   0.955912355
 -1.000000  7150.000000    1.03657856
 -1.000000  7250.000000  0.9060559711
 -1.000000  7350.000000  0.5623577696
 -1.000000  7450.000000  0.5071520421
 -1.000000  7550.000000  0.3570805204
 -1.000000  7650.000000  0.3513843788
 -1.000000  7750.000000  0.4674435448
 -1.000000  7850.000000  0.6968628432
 -1.000000  7950.000000  0.9828279717
 -1.000000  8050.000000   2.308563212
 -1.000000  8150.000000   3.250582718
 -1.000000  8250.000000   2.950925952
 -1.000000  8350.000000   1.847268338
 -1.000000  8450.000000   1.105939514
 -1.000000  8550.000000   1.162200395
 -1.000000  8650.000000    1.40807654
 -1.000000  8750.000000   1.252610956
 -1.000000  8850.000000  0.7266497058
 -1.000000  8950.000000  0.7487846911
 -1.000000  9050.000000   1.157551291
 -1.000000  9150.000000   1.434724935
 1.000000  2050.000000   3.444531918
 1.000000  2150.000000  0.4490515543
 1.000000  2250.000000  0.6245128332
 1.000000  2350.000000  0.5596284452
 1.000000  2450.000000  0.8815316772
 1.000000  2550.000000  0.8937194317
 1.000000  2650.000000   3.825584971
 1.000000  2750.000000   11.85873624
 1.000000  2850.000000   4.504141558
 1.000000  2950.000000    6.25525574
 1.000000  3050.000000   5.593707268
 1.000000  3150.000000   4.828888615
 1.000000  3250.000000    3.87720396
 1.000000  3350.000000    1.71344955
 1.000000  3450.000000   4.571869563
 1.000000  3550.000000   5.792523263
 1.000000  3650.000000      10.69218
 1.000000  3750.000000   11.57805203
 1.000000  3850.000000   11.80158114
 1.000000  3950.000000    11.7857958
 1.000000  4050.000000   8.214068774
 1.000000  4150.000000   7.415344061
 1.000000  4250.000000    9.10409217
 1.000000  4350.000000   7.881240698
 1.000000  4450.000000   7.966522655
 1.000000  4550.000000   8.513142543
 1.000000  4650.000000   7.633004611
 1.000000  4750.000000   7.804065002
 1.000000  4850.000000   6.264894048
 1.000000  4950.000000    4.47915845
 1.000000  5050.000000   4.409329905
 1.000000  5150.000000   5.822155941
 1.000000  5250.000000   6.042136242
 1.000000  5350.000000   3.772810472
 1.000000  5450.000000    6.19653685
 1.000000  5550.000000   6.401771701
 1.000000  5650.000000   3.003047642
 1.000000  5750.000000   2.937794749
 1.000000  5850.000000   4.360312223
 1.000000  5950.000000   6.174777939
 1.000000  6050.000000   7.188920178
 1.000000  6150.000000   6.447253948
 1.000000  6250.000000   4.522234682
 1.000000  6350.000000   3.116467558
 1.000000  6450.000000   1.933823335
 1.000000  6550.000000     1.5151105
 1.000000  6650.000000   1.835490145
 1.000000  6750.000000   1.674364887
 1.000000  6850.000000   1.116957896
 1.000000  6950.000000  0.9198488234
 1.000000  7050.000000   1.358803945
 1.000000  7150.000000   1.275280204
 1.000000  7250.000000  0.7836772748
 1.000000  7350.000000  0.7817581791
 1.000000  7450.000000    0.88757117
 1.000000  7550.000000  0.7927868005
 1.000000  7650.000000   0.281879831
 1.000000  7750.000000  0.8017702577
 1.000000  7850.000000   1.977280868
 1.000000  7950.000000   2.355134829
 1.000000  8050.000000   2.500913079
 1.000000  8150.000000   4.043124569
 1.000000  8250.000000    4.87592961
 1.000000  8350.000000   3.914255999
 1.000000  8450.000000   2.225056105
 1.000000  8550.000000   1.571172231
 1.000000  8650.000000   1.593042297
 1.000000  8750.000000   1.431586666
 1.000000  8850.000000   0.894079263
 1.000000  8950.000000  0.7415970377
 1.000000  9050.000000  0.7227578653
 1.000000  9150.000000  0.7252295428
 3.000000  2050.000000  0.3928900021
 3.000000  2150.000000  0.7210903923
 3.000000  2250.000000  0.8556512042
 3.000000  2350.000000  0.6909822666
 3.000000  2450.000000   1.632761149
 3.000000  2550.000000   2.941503641
 3.000000  2650.000000   2.620551246
 3.000000  2750.000000   4.209495292
 3.000000  2850.000000   4.838563723
 3.000000  2950.000000   4.039433555
 3.000000  3050.000000   4.458507318
 3.000000  3150.000000   5.298560146
 3.000000  3250.000000   5.401318343
 3.000000  3350.000000   4.634623248
 3.000000  3450.000000   6.195128432
 3.000000  3550.000000   8.437350156
 3.000000  3650.000000   10.37238245
 3.000000  3750.000000    9.28660964
 3.000000  3850.000000   9.102224024
 3.000000  3950.000000   8.902626328
 3.000000  4050.000000   5.328204204
 3.000000  4150.000000   5.439441654
 3.000000  4250.000000   6.924496705
 3.000000  4350.000000   7.046132412
 3.000000  4450.000000   7.316345908
 3.000000  4550.000000   8.036433118
 3.000000  4650.000000   8.644171033
 3.000000  4750.000000   9.330835859
 3.000000  4850.000000   9.045268438
 3.000000  4950.000000   9.465200743
 3.000000  5050.000000   9.976323099
 3.000000  5150.000000   7.799791287
 3.000000  5250.000000   6.263982357
 3.000000  5350.000000   5.246528394
 3.000000  5450.000000   5.332009998
 3.000000  5550.000000   5.329181327
 3.000000  5650.000000   3.218006928
 3.000000  5750.000000   2.932861733
 3.000000  5850.000000   3.362070933
 3.000000  5950.000000   5.521694818
 3.000000  6050.000000   6.269963216
 3.000000  6150.000000   4.708621935
 3.000000  6250.000000   2.618320733
 3.000000  6350.000000    1.47377569
 3.000000  6450.000000   1.395930053
 3.000000  6550.000000   1.389792513
 3.000000  6650.000000   1.516291546
 3.000000  6750.000000   1.147695034
 3.000000  6850.000000  0.5163094402
 3.000000  6950.000000  0.5984701613
 3.000000  7050.000000  0.6959392016
 3.000000  7150.000000  0.6280139869
 3.000000  7250.000000  0.9836089154
 3.000000  7350.000000  0.9591516936
 3.000000  7450.000000   0.620283527
 3.000000  7550.000000  0.2724372534
 3.000000  7650.000000  0.3327890329
 3.000000  7750.000000  0.6148377452
 3.000000  7850.000000   0.685016657
 3.000000  7950.000000  0.6931536111
 3.000000  8050.000000   2.094715991
 3.000000  8150.000000   3.768101138
 3.000000  8250.000000   4.517748801
 3.000000  8350.000000   3.937219575
 3.000000  8450.000000   2.430949216
 3.000000  8550.000000   1.305210863
 3.000000  8650.000000    1.32947914
 3.000000  8750.000000   1.173257873
 3.000000  8850.000000  0.8369342049
 3.000000  8950.000000  0.6158922199
 3.000000  9050.000000  0.6190483023
 3.000000  9150.000000  0.5860055601
 5.000000  2050.000000  0.2983171968
 5.000000  2150.000000   1.978305961
 5.000000  2250.000000  0.1964414368
 5.000000  2350.000000  0.5868127417
 5.000000  2450.000000  0.6598963371
 5.000000  2550.000000  0.1969773081
 5.000000  2650.000000    2.44789845
 5.000000  2750.000000   2.573034325
 5.000000  2850.000000   4.616937674
 5.000000  2950.000000   5.832914725
 5.000000  3050.000000   6.010974413
 5.000000  3150.000000   3.895242976
 5.000000  3250.000000   4.970808585
 5.000000  3350.000000    4.77446641
 5.000000  3450.000000   5.554262025
 5.000000  3550.000000   6.565712558
 5.000000  3650.000000   8.699131813
 5.000000  3750.000000   9.755981448
 5.000000  3850.000000   10.04644045
 5.000000  3950.000000   8.244344275
 5.000000  4050.000000   4.745443637
 5.000000  4150.000000   3.553845767
 5.000000  4250.000000   4.581693175
 5.000000  4350.000000   5.118310833
 5.000000  4450.000000     4.7415894
 5.000000  4550.000000   5.766611618
 5.000000  4650.000000   6.714759874
 5.000000  4750.000000       7.01299
 5.000000  4850.000000   6.814706541
 5.000000  4950.000000   6.841466384
 5.000000  5050.000000   5.617830949
 5.000000  5150.000000    4.70127924
 5.000000  5250.000000    6.15302932
 5.000000  5350.000000   5.451644762
 5.000000  5450.000000      5.708136
 5.000000  5550.000000   5.594868184
 5.000000  5650.000000   2.989106622
 5.000000  5750.000000   2.640221439
 5.000000  5850.000000   2.452939112
 5.000000  5950.000000   4.388251601
 5.000000  6050.000000   5.536867847
 5.000000  6150.000000   4.845529613
 5.000000  6250.000000    3.13304156
 5.000000  6350.000000   1.304003561
 5.000000  6450.000000  0.8362080498
 5.000000  6550.000000  0.8340610753
 5.000000  6650.000000   1.159988332
 5.000000  6750.000000  0.9802180279
 5.000000  6850.000000  0.3299821632
 5.000000  6950.000000  0.8069412209
 5.000000  7050.000000   1.087737765
 5.000000  7150.000000  0.7131047264
 5.000000  7250.000000   0.602718177
 5.000000  7350.000000  0.4156202272
 5.000000  7450.000000   0.556217201
 5.000000  7550.000000  0.6663887386
 5.000000  7650.000000   0.292496547
 5.000000  7750.000000  0.1673143939
 5.000000  7850.000000   0.554873198
 5.000000  7950.000000   1.070010355
 5.000000  8050.000000    1.02123156
 5.000000  8150.000000   1.809497024
 5.000000  8250.000000   2.180045031
 5.000000  8350.000000   2.119345944
 5.000000  8450.000000   2.035871221
 5.000000  8550.000000    1.53065454
 5.000000  8650.000000    1.02062367
 5.000000  8750.000000   1.056156052
 5.000000  8850.000000  0.7894233299
 5.000000  8950.000000   0.705017031
 5.000000  9050.000000  0.8942257102
 5.000000  9150.000000  0.8919491218
 7.000000  2050.000000  0.009958221529
 7.000000  2150.000000   1.978305961
 7.000000  2250.000000   1.370324701
 7.000000  2350.000000  0.9014074939
 7.000000  2450.000000   1.940278197
 7.000000  2550.000000   3.272104052
 7.000000  2650.000000   4.865330104
 7.000000  2750.000000   4.993285044
 7.000000  2850.000000   4.522384231
 7.000000  2950.000000    2.39871868
 7.000000  3050.000000   2.570579643
 7.000000  3150.000000    2.39766048
 7.000000  3250.000000   3.836446629
 7.000000  3350.000000   5.155067243
 7.000000  3450.000000   5.193188198
 7.000000  3550.000000   5.836746429
 7.000000  3650.000000    9.70432321
 7.000000  3750.000000   10.64531082
 7.000000  3850.000000   10.07538213
 7.000000  3950.000000   9.484984217
 7.000000  4050.000000   6.208161785
 7.000000  4150.000000   3.462235238
 7.000000  4250.000000   5.320170599
 7.000000  4350.000000   7.179075909
 7.000000  4450.000000   8.020720871
 7.000000  4550.000000   7.837173793
 7.000000  4650.000000   6.768187594
 7.000000  4750.000000   5.399944249
 7.000000  4850.000000   4.987610238
 7.000000  4950.000000   5.510096672
 7.000000  5050.000000   5.035307934
 7.000000  5150.000000   4.505077452
 7.000000  5250.000000   4.731795402
 7.000000  5350.000000   4.384464939
 7.000000  5450.000000   5.487573329
 7.000000  5550.000000   5.451405567
 7.000000  5650.000000   4.083657771
 7.000000  5750.000000   3.814362925
 7.000000  5850.000000   2.433126542
 7.000000  5950.000000   2.938197746
 7.000000  6050.000000   4.777263335
 7.000000  6150.000000   5.575740401
 7.000000  6250.000000    4.13658672
 7.000000  6350.000000   1.689389969
 7.000000  6450.000000  0.5597014779
 7.000000  6550.000000  0.4301470139
 7.000000  6650.000000  0.5003031057
 7.000000  6750.000000  0.5266438377
 7.000000  6850.000000  0.4398881656
 7.000000  6950.000000  0.6064054751
 7.000000  7050.000000  0.9125769683
 7.000000  7150.000000   1.065814103
 7.000000  7250.000000   1.425830968
 7.000000  7350.000000   1.660910758
 7.000000  7450.000000   1.518210497
 7.000000  7550.000000   1.012498079
 7.000000  7650.000000  0.4613772484
 7.000000  7750.000000  0.7159699281
 7.000000  7850.000000  0.8335178932
 7.000000  7950.000000  0.8837138213
 7.000000  8050.000000  0.8298133952
 7.000000  8150.000000  0.6722338517
 7.000000  8250.000000  0.5259465117
 7.000000  8350.000000  0.6777055303
 7.000000  8450.000000   1.024944839
 7.000000  8550.000000   1.604158652
 7.000000  8650.000000   2.664466561
 7.000000  8750.000000   2.500255379
 7.000000  8850.000000   1.743412794
 7.000000  8950.000000   1.054565769
 7.000000  9050.000000   1.237413598
 7.000000  9150.000000   1.404856288
 9.000000  2050.000000  0.5035095372
 9.000000  2150.000000   1.978305961
 9.000000  2250.000000   1.370324701
 9.000000  2350.000000  0.9014074939
 9.000000  2450.000000   12.90996479
 9.000000  2550.000000   65.64548651
 9.000000  2650.000000   135.6868241
 9.000000  2750.000000   123.6705635
 9.000000  2850.000000   71.28698553
 9.000000  2950.000000   33.46260134
 9.000000  3050.000000   14.39465427
 9.000000  3150.000000   1.802089103
 9.000000  3250.000000   3.583908003
 9.000000  3350.000000   4.860113096
 9.000000  3450.000000   3.708681515
 9.000000  3550.000000   3.615270635
 9.000000  3650.000000   6.414934289
 9.000000  3750.000000   5.817801098
 9.000000  3850.000000   4.908992081
 9.000000  3950.000000   5.313230915
 9.000000  4050.000000    5.72776138
 9.000000  4150.000000   4.082681279
 9.000000  4250.000000   2.436121401
 9.000000  4350.000000   4.248543915
 9.000000  4450.000000    5.09764734
 9.000000  4550.000000   5.506967661
 9.000000  4650.000000   6.232062678
 9.000000  4750.000000   6.550039338
 9.000000  4850.000000   8.860412225
 9.000000  4950.000000    8.59474198
 9.000000  5050.000000   4.891508834
 9.000000  5150.000000   3.314405459
 9.000000  5250.000000   3.599475876
 9.000000  5350.000000   3.185202208
 9.000000  5450.000000   3.170748602
 9.000000  5550.000000   3.222564973
 9.000000  5650.000000   2.453674843
 9.000000  5750.000000   3.168771551
 9.000000  5850.000000    3.09327625
 9.000000  5950.000000   2.966052454
 9.000000  6050.000000    5.65636668
 9.000000  6150.000000   5.582937539
 9.000000  6250.000000   2.227594548
 9.000000  6350.000000  0.9311035103
 9.000000  6450.000000   0.693656607
 9.000000  6550.000000  0.01229590909
 9.000000  6650.000000  0.3712122762
 9.000000  6750.000000   1.328903245
 9.000000  6850.000000   1.253860351
 9.000000  6950.000000  0.8674477616
 9.000000  7050.000000   0.920885666
 9.000000  7150.000000  0.4674699104
 9.000000  7250.000000  0.4162311213
 9.000000  7350.000000  0.1856225016
 9.000000  7450.000000  0.2890467797
 9.000000  7550.000000  0.3533071179
 9.000000  7650.000000   1.574719195
 9.000000  7750.000000  0.7675937466
 9.000000  7850.000000   1.145377848
 9.000000  7950.000000   2.003893719
 9.000000  8050.000000   2.747782682
 9.000000  8150.000000   3.649709243
 9.000000  8250.000000   6.625300005
 9.000000  8350.000000   7.623090566
 9.000000  8450.000000   5.426185528
 9.000000  8550.000000   3.294348963
 9.000000  8650.000000   3.035310803
 9.000000  8750.000000   2.181555526
 9.000000  8850.000000    1.82426795
 9.000000  8950.000000   3.039878914
 9.000000  9050.000000   2.492062521
 9.000000  9150.000000   2.206946658
 11.000000  2050.000000  0.5035095372
 11.000000  2150.000000   0.280347792
 11.000000  2250.000000  0.1818834599
 11.000000  2350.000000   1.026789889
 11.000000  2450.000000   57.55814576
 11.000000  2550.000000   169.7003357
 11.000000  2650.000000   214.9507174
 11.000000  2750.000000   187.6499145
 11.000000  2850.000000   99.22811734
 11.000000  2950.000000    40.3749124
 11.000000  3050.000000    14.5080835
 11.000000  3150.000000   4.175592528
 11.000000  3250.000000  0.3408171938
 11.000000  3350.000000  0.3260626538
 11.000000  3450.000000   1.778758188
 11.000000  3550.000000   4.746888204
 11.000000  3650.000000    7.77752623
 11.000000  3750.000000   9.825107703
 11.000000  3850.000000   15.63294508
 11.000000  3950.000000   15.67419059
 11.000000  4050.000000   11.24814279
 11.000000  4150.000000   9.369100109
 11.000000  4250.000000    5.82058497
 11.000000  4350.000000   3.617207942
 11.000000  4450.000000   5.735385747
 11.000000  4550.000000   9.372142081
 11.000000  4650.000000   9.423674329
 11.000000  4750.000000   6.564835167
 11.000000  4850.000000   5.728645222
 11.000000  4950.000000   5.524516625
 11.000000  5050.000000   4.285176965
 11.000000  5150.000000   4.273366159
 11.000000  5250.000000   3.926205511
 11.000000  5350.000000   2.964022837
 11.000000  5450.000000   2.747191212
 11.000000  5550.000000   2.560740436
 11.000000  5650.000000   3.119784811
 11.000000  5750.000000    4.68272559
 11.000000  5850.000000   4.635254512
 11.000000  5950.000000   3.874486582
 11.000000  6050.000000   5.147243147
 11.000000  6150.000000   4.915426266
 11.000000  6250.000000   3.469582632
 11.000000  6350.000000   2.731997713
 11.000000  6450.000000   1.880805117
 11.000000  6550.000000   2.161994517
 11.000000  6650.000000   1.942872618
 11.000000  6750.000000   2.175907272
 11.000000  6850.000000   1.765205193
 11.000000  6950.000000  0.6783507917
 11.000000  7050.000000    1.14429339
 11.000000  7150.000000   1.003745505
 11.000000  7250.000000  0.6650393112
 11.000000  7350.000000  0.7381697603
 11.000000  7450.000000   2.016784704
 11.000000  7550.000000   3.111824864
 11.000000  7650.000000   2.234365264
 11.000000  7750.000000  0.8819517864
 11.000000  7850.000000   1.221283623
 11.000000  7950.000000   2.193830557
 11.000000  8050.000000   3.160810712
 11.000000  8150.000000    4.35792171
 11.000000  8250.000000    7.79549631
 11.000000  8350.000000   8.846105578
 11.000000  8450.000000   6.023009607
 11.000000  8550.000000   3.385768745
 11.000000  8650.000000   2.555922397
 11.000000  8750.000000   1.047673094
 11.000000  8850.000000   2.466819017
 11.000000  8950.000000   2.930663339
 11.000000  9050.000000   2.347479592
 11.000000  9150.000000    2.06954113
 13.000000  2050.000000       1000000
 13.000000  2150.000000       1000000
 13.000000  2250.000000       1000000
 13.000000  2350.000000       1000000
 13.000000  2450.000000       1000000
 13.000000  2550.000000       1000000
 13.000000  2650.000000       1000000
 13.000000  2750.000000       1000000
 13.000000  2850.000000       1000000
 13.000000  2950.000000       1000000
 13.000000  3050.000000       1000000
 13.000000  3150.000000  0.1450143646
 13.000000  3250.000000  0.1436166931
 13.000000  3350.000000  0.2049648428
 13.000000  3450.000000   1.086586737
 13.000000  3550.000000   5.670368283
 13.000000  3650.000000   7.566968677
 13.000000  3750.000000   6.641894377
 13.000000  3850.000000   6.438640307
 13.000000  3950.000000   6.031436244
 13.000000  4050.000000   5.257804563
 13.000000  4150.000000   4.782337681
 13.000000  4250.000000   3.262613353
 13.000000  4350.000000   3.357276648
 13.000000  4450.000000    4.79416021
 13.000000  4550.000000   6.709788162
 13.000000  4650.000000    6.21485877
 13.000000  4750.000000   4.504553812
 13.000000  4850.000000   5.041961896
 13.000000  4950.000000   4.767220172
 13.000000  5050.000000   3.560629673
 13.000000  5150.000000   4.730114368
 13.000000  5250.000000   4.349251919
 13.000000  5350.000000   2.765888668
 13.000000  5450.000000   2.839300196
 13.000000  5550.000000   3.547058024
 13.000000  5650.000000   5.056360367
 13.000000  5750.000000   5.181821952
 13.000000  5850.000000   3.907552838
 13.000000  5950.000000   3.645899889
 13.000000  6050.000000   4.571931686
 13.000000  6150.000000   4.018678538
 13.000000  6250.000000   2.404585794
 13.000000  6350.000000   1.734369885
 13.000000  6450.000000   1.588231145
 13.000000  6550.000000   1.897057332
 13.000000  6650.000000   1.591127734
 13.000000  6750.000000   1.870876278
 13.000000  6850.000000    1.67289725
 13.000000  6950.000000  0.4392776731
 13.000000  7050.000000  0.6160972786
 13.000000  7150.000000   1.310106716
 13.000000  7250.000000   1.282424297
 13.000000  7350.000000  0.4747106405
 13.000000  7450.000000   0.342753528
 13.000000  7550.000000  0.4391095408
 13.000000  7650.000000  0.6979840875
 13.000000  7750.000000  0.6206312005
 13.000000  7850.000000  0.5757687749
 13.000000  7950.000000  0.4282881377
 13.000000  8050.000000  0.3289270832
 13.000000  8150.000000  0.7826279499
 13.000000  8250.000000  0.8152099395
 13.000000  8350.000000   1.269501344
 13.000000  8450.000000   2.819072234
 13.000000  8550.000000   2.868494513
 13.000000  8650.000000   1.598713565
 13.000000  8750.000000  0.6393772514
 13.000000  8850.000000   1.135445369
 13.000000  8950.000000   1.186711111
 13.000000  9050.000000  0.5875965645
 13.000000  9150.000000  0.6099086189
 15.000000  2050.000000  0.0001850636763
 15.000000  2150.000000  0.0001431550343
 15.000000  2250.000000  0.001405848673
 15.000000  2350.000000  0.003662843795
 15.000000  2450.000000  0.1596150121
 15.000000  2550.000000  0.2320415887
 15.000000  2650.000000  0.2578267934
 15.000000  2750.000000  0.3974185134
 15.000000  2850.000000  0.6251674515
 15.000000  2950.000000  0.4593693566
 15.000000  3050.000000  0.3427427611
 15.000000  3150.000000  0.1455239761
 15.000000  3250.000000  0.00349947813
 15.000000  3350.000000  0.1312312898
 15.000000  3450.000000  0.1256504442
 15.000000  3550.000000   4.286574954
 15.000000  3650.000000   6.204249583
 15.000000  3750.000000    6.21459393
 15.000000  3850.000000   7.279256298
 15.000000  3950.000000   6.809530117
 15.000000  4050.000000   2.999009099
 15.000000  4150.000000   1.834575141
 15.000000  4250.000000   3.817717184
 15.000000  4350.000000   4.359069764
 15.000000  4450.000000   6.742936195
 15.000000  4550.000000   23.88167606
 15.000000  4650.000000   20.45610048
 15.000000  4750.000000   8.212806218
 15.000000  4850.000000   6.015299618
 15.000000  4950.000000   5.841620908
 15.000000  5050.000000   4.663404711
 15.000000  5150.000000   5.771990989
 15.000000  5250.000000   5.379803281
 15.000000  5350.000000    3.51097336
 15.000000  5450.000000   3.460903965
 15.000000  5550.000000   3.692905756
 15.000000  5650.000000   4.769015999
 15.000000  5750.000000   4.714536665
 15.000000  5850.000000   4.972771422
 15.000000  5950.000000   5.366564984
 15.000000  6050.000000   6.002753251
 15.000000  6150.000000    5.65951236
 15.000000  6250.000000   4.156013506
 15.000000  6350.000000   3.298088233
 15.000000  6450.000000   2.394148087
 15.000000  6550.000000   2.911463137
 15.000000  6650.000000   2.749378746
 15.000000  6750.000000   1.954231784
 15.000000  6850.000000   1.144216149
 15.000000  6950.000000   1.029509208
 15.000000  7050.000000   1.953710325
 15.000000  7150.000000   1.570542016
 15.000000  7250.000000  0.5794816693
 15.000000  7350.000000  0.6746308981
 15.000000  7450.000000  0.8481750683
 15.000000  7550.000000  0.8402833443
 15.000000  7650.000000   1.070445228
 15.000000  7750.000000  0.8745692416
 15.000000  7850.000000  0.3036914368
 15.000000  7950.000000  0.2551637324
 15.000000  8050.000000  0.5070249501
 15.000000  8150.000000   1.017892982
 15.000000  8250.000000   1.074759177
 15.000000  8350.000000   1.392685579
 15.000000  8450.000000   2.638461957
 15.000000  8550.000000   2.604697831
 15.000000  8650.000000   1.774232467
 15.000000  8750.000000   2.231510663
 15.000000  8850.000000   2.249643213
 15.000000  8950.000000   1.504423646
 15.000000  9050.000000  0.9226316184
 15.000000  9150.000000   1.065622721
 17.000000  2050.000000  0.0001199879805
 17.000000  2150.000000  0.0001088837297
 17.000000  2250.000000  0.001735896133
 17.000000  2350.000000  0.002205261139
 17.000000  2450.000000  0.002413576645
 17.000000  2550.000000  0.006269388829
 17.000000  2650.000000  0.008459455302
 17.000000  2750.000000  0.01222316045
 17.000000  2850.000000  0.01384719353
 17.000000  2950.000000  0.01128536328
 17.000000  3050.000000  0.009621781078
 17.000000  3150.000000  0.006406916201
 17.000000  3250.000000  0.004121121022
 17.000000  3350.000000  0.2390161393
 17.000000  3450.000000  0.2369220824
 17.000000  3550.000000   3.337599094
 17.000000  3650.000000   4.678823046
 17.000000  3750.000000   5.165632971
 17.000000  3850.000000   5.736543697
 17.000000  3950.000000   5.380183359
 17.000000  4050.000000   3.203028732
 17.000000  4150.000000   1.471717048
 17.000000  4250.000000   2.246454955
 17.000000  4350.000000   2.782883339
 17.000000  4450.000000   4.696071583
 17.000000  4550.000000   7.401975048
 17.000000  4650.000000   7.444106859
 17.000000  4750.000000   5.152980195
 17.000000  4850.000000   4.381004459
 17.000000  4950.000000   5.168577765
 17.000000  5050.000000   3.890679772
 17.000000  5150.000000   4.633586849
 17.000000  5250.000000   5.357155202
 17.000000  5350.000000   4.430834237
 17.000000  5450.000000    3.95463371
 17.000000  5550.000000   3.720273592
 17.000000  5650.000000   3.706378601
 17.000000  5750.000000   4.463169333
 17.000000  5850.000000    5.00309873
 17.000000  5950.000000   4.382684279
 17.000000  6050.000000   4.654642387
 17.000000  6150.000000   4.707879293
 17.000000  6250.000000   4.338158425
 17.000000  6350.000000   3.476713117
 17.000000  6450.000000   1.738592219
 17.000000  6550.000000   1.717240419
 17.000000  6650.000000   1.789215356
 17.000000  6750.000000   1.086387192
 17.000000  6850.000000  0.6385101018
 17.000000  6950.000000   0.396061766
 17.000000  7050.000000  0.7134394242
 17.000000  7150.000000  0.6512469572
 17.000000  7250.000000  0.5401493085
 17.000000  7350.000000  0.9482267522
 17.000000  7450.000000   1.179832985
 17.000000  7550.000000  0.8672449098
 17.000000  7650.000000   1.042511299
 17.000000  7750.000000  0.9409812138
 17.000000  7850.000000  0.2912767788
 17.000000  7950.000000  0.1626458555
 17.000000  8050.000000  0.5203205169
 17.000000  8150.000000   1.083045063
 17.000000  8250.000000   1.043881695
 17.000000  8350.000000   1.167517228
 17.000000  8450.000000   2.063314401
 17.000000  8550.000000   1.979003127
 17.000000  8650.000000   1.585869173
 17.000000  8750.000000   2.270300559
 17.000000  8850.000000   2.137975997
 17.000000  8950.000000   1.290697166
 17.000000  9050.000000   1.139017848
 17.000000  9150.000000   1.349331661
 19.000000  2050.000000  0.0001550148418
 19.000000  2150.000000  0.004154758071
 19.000000  2250.000000  0.009516220761
 19.000000  2350.000000  0.008402596512
 19.000000  2450.000000  0.007479681161
 19.000000  2550.000000  0.0134005191
 19.000000  2650.000000  0.01947008994
 19.000000  2750.000000  0.01810864895
 19.000000  2850.000000  0.01205014494
 19.000000  2950.000000  0.009322026464
 19.000000  3050.000000  0.007920393865
 19.000000  3150.000000  0.006406916201
 19.000000  3250.000000  0.004532380556
 19.000000  3350.000000  0.01043529701
 19.000000  3450.000000  0.9056765064
 19.000000  3550.000000   6.450625002
 19.000000  3650.000000    7.05851955
 19.000000  3750.000000    7.07151232
 19.000000  3850.000000   5.448302652
 19.000000  3950.000000   3.193272967
 19.000000  4050.000000    3.35887199
 19.000000  4150.000000   2.827150185
 19.000000  4250.000000   2.356230807
 19.000000  4350.000000   1.986492214
 19.000000  4450.000000   3.826596925
 19.000000  4550.000000   24.48176641
 19.000000  4650.000000   23.35907335
 19.000000  4750.000000   11.59032371
 19.000000  4850.000000   7.035636884
 19.000000  4950.000000   6.646870987
 19.000000  5050.000000   4.000373361
 19.000000  5150.000000   3.941796694
 19.000000  5250.000000   5.160682031
 19.000000  5350.000000   5.329188258
 19.000000  5450.000000   5.012941851
 19.000000  5550.000000   5.597250481
 19.000000  5650.000000   5.950450838
 19.000000  5750.000000   5.328939411
 19.000000  5850.000000   4.538919697
 19.000000  5950.000000   3.974882711
 19.000000  6050.000000   3.638140803
 19.000000  6150.000000   3.233700923
 19.000000  6250.000000   2.585332157
 19.000000  6350.000000   2.122791461
 19.000000  6450.000000    1.52933964
 19.000000  6550.000000    1.76403919
 19.000000  6650.000000   2.243207511
 19.000000  6750.000000   2.165836647
 19.000000  6850.000000   1.012100823
 19.000000  6950.000000   1.288487875
 19.000000  7050.000000   2.071454422
 19.000000  7150.000000  0.6997005465
 19.000000  7250.000000  0.7308983227
 19.000000  7350.000000  0.8628668975
 19.000000  7450.000000  0.8085890181
 19.000000  7550.000000  0.4875950867
 19.000000  7650.000000  0.2152371621
 19.000000  7750.000000  0.3707665583
 19.000000  7850.000000  0.2363875003
 19.000000  7950.000000  0.01817169588
 19.000000  8050.000000  0.02652165915
 19.000000  8150.000000  0.02404678699
 19.000000  8250.000000  0.1815245787
 19.000000  8350.000000  0.02342268959
 19.000000  8450.000000  0.02372512949
 19.000000  8550.000000  0.02122458971
 19.000000  8650.000000  0.02640144726
 19.000000  8750.000000  0.2388551742
 19.000000  8850.000000  0.03338047806
 19.000000  8950.000000  0.03656195757
 19.000000  9050.000000  0.8410833924
 19.000000  9150.000000   1.010613012
 21.000000  2050.000000  0.0003418637312
 21.000000  2150.000000  0.006880182007
 21.000000  2250.000000  0.01256438663
 21.000000  2350.000000  0.01082040161
 21.000000  2450.000000  0.009429240698
 21.000000  2550.000000  0.01608919803
 21.000000  2650.000000  0.02345484371
 21.000000  2750.000000  0.02013562037
 21.000000  2850.000000  0.006695216205
 21.000000  2950.000000  0.005212791866
 21.000000  3050.000000  0.007643491799
 21.000000  3150.000000  0.008972575636
 21.000000  3250.000000  0.009049911915
 21.000000  3350.000000   0.173199212
 21.000000  3450.000000  0.1901710637
 21.000000  3550.000000   1.298574356
 21.000000  3650.000000   6.335356235
 21.000000  3750.000000   7.059881119
 21.000000  3850.000000   3.563028197
 21.000000  3950.000000  0.7840951211
 21.000000  4050.000000  0.4660310557
 21.000000  4150.000000  0.4914872792
 21.000000  4250.000000  0.7096751799
 21.000000  4350.000000   1.101888016
 21.000000  4450.000000   1.555801413
 21.000000  4550.000000   3.392502159
 21.000000  4650.000000   3.514143229
 21.000000  4750.000000   1.762396536
 21.000000  4850.000000   1.560413986
 21.000000  4950.000000   1.679375161
 21.000000  5050.000000   1.205738688
 21.000000  5150.000000   1.010199663
 21.000000  5250.000000   2.162764631
 21.000000  5350.000000   2.638103616
 21.000000  5450.000000   2.929351561
 21.000000  5550.000000   3.571645551
 21.000000  5650.000000   3.555943273
 21.000000  5750.000000   2.610215183
 21.000000  5850.000000   2.723195277
 21.000000  5950.000000    2.54674959
 21.000000  6050.000000   1.317900022
 21.000000  6150.000000   1.169194279
 21.000000  6250.000000  0.9728535796
 21.000000  6350.000000   1.066907745
 21.000000  6450.000000   1.265741139
 21.000000  6550.000000    1.29476143
 21.000000  6650.000000  0.7954369192
 21.000000  6750.000000  0.3377227054
 21.000000  6850.000000  0.4015118248
 21.000000  6950.000000  0.9806328291
 21.000000  7050.000000   1.112681897
 21.000000  7150.000000  0.7376636697
 21.000000  7250.000000  0.5937305936
 21.000000  7350.000000  0.5876237932
 21.000000  7450.000000     1.2501225
 21.000000  7550.000000  0.9697364814
 21.000000  7650.000000  0.1972070887
 21.000000  7750.000000  0.5063367947
 21.000000  7850.000000  0.7666085192
 21.000000  7950.000000  0.8639400108
 21.000000  8050.000000  0.9042686545
 21.000000  8150.000000  0.8910810201
 21.000000  8250.000000  0.6853326237
 21.000000  8350.000000  0.5801559089
 21.000000  8450.000000   1.550889118
 21.000000  8550.000000   1.884339735
 21.000000  8650.000000   1.245836967
 21.000000  8750.000000  0.5942904405
 21.000000  8850.000000  0.7959856774
 21.000000  8950.000000  0.7149148671
 21.000000  9050.000000   1.182132696
 21.000000  9150.000000    1.58989629
 23.000000  2050.000000  0.000959362847
 23.000000  2150.000000  0.003406062416
 23.000000  2250.000000  0.009207274541
 23.000000  2350.000000  0.008156672678
 23.000000  2450.000000  0.007208972486
 23.000000  2550.000000  0.01275840903
 23.000000  2650.000000  0.01926604284
 23.000000  2750.000000  0.01636760034
 23.000000  2850.000000  0.004667253434
 23.000000  2950.000000  0.001839348178
 23.000000  3050.000000  0.001812976457
 23.000000  3150.000000  0.004807688482
 23.000000  3250.000000  0.008663092038
 23.000000  3350.000000  0.003442010541
 23.000000  3450.000000  0.0555295257
 23.000000  3550.000000   2.633364032
 23.000000  3650.000000   7.204924053
 23.000000  3750.000000   6.609958404
 23.000000  3850.000000    2.62939817
 23.000000  3950.000000   2.208569693
 23.000000  4050.000000   3.575549117
 23.000000  4150.000000   4.527560937
 23.000000  4250.000000   4.002939883
 23.000000  4350.000000    2.43340843
 23.000000  4450.000000   2.335815245
 23.000000  4550.000000   3.569836408
 23.000000  4650.000000   4.033899203
 23.000000  4750.000000   3.173447516
 23.000000  4850.000000   4.094466654
 23.000000  4950.000000   5.095283768
 23.000000  5050.000000   7.124993728
 23.000000  5150.000000   9.123796089
 23.000000  5250.000000    6.15264823
 23.000000  5350.000000   3.803595472
 23.000000  5450.000000   6.337822636
 23.000000  5550.000000   5.827275223
 23.000000  5650.000000   4.466580865
 23.000000  5750.000000   3.847850559
 23.000000  5850.000000   3.803777759
 23.000000  5950.000000   5.117513078
 23.000000  6050.000000   4.900421527
 23.000000  6150.000000   3.862611849
 23.000000  6250.000000   4.249040155
 23.000000  6350.000000   4.206838557
 23.000000  6450.000000   4.633989902
 23.000000  6550.000000   5.001814176
 23.000000  6650.000000   3.655527819
 23.000000  6750.000000   2.860530108
 23.000000  6850.000000   2.145162349
 23.000000  6950.000000    2.87035917
 23.000000  7050.000000   3.408857694
 23.000000  7150.000000   2.162413474
 23.000000  7250.000000   1.323910736
 23.000000  7350.000000   3.318411306
 23.000000  7450.000000   3.735153744
 23.000000  7550.000000   1.755043526
 23.000000  7650.000000   1.902981022
 23.000000  7750.000000   2.516613292
 23.000000  7850.000000   1.829732541
 23.000000  7950.000000     2.0363446
 23.000000  8050.000000   2.797646855
 23.000000  8150.000000   2.886944845
 23.000000  8250.000000   3.334013803
 23.000000  8350.000000    3.20988089
 23.000000  8450.000000   2.517506437
 23.000000  8550.000000    2.50133054
 23.000000  8650.000000   2.040166834
 23.000000  8750.000000   1.462702677
 23.000000  8850.000000   1.514222913
 23.000000  8950.000000   1.291705819
 23.000000  9050.000000   2.110106029
 23.000000  9150.000000   3.093891182
 25.000000  2050.000000  0.000959362847
 25.000000  2150.000000  0.003406062416
 25.000000  2250.000000  0.009207274541
 25.000000  2350.000000  0.008156672678
 25.000000  2450.000000  0.007208972486
 25.000000  2550.000000  0.01275840903
 25.000000  2650.000000  0.01926604284
 25.000000  2750.000000  0.01636760034
 25.000000  2850.000000  0.004667253434
 25.000000  2950.000000  0.001839348178
 25.000000  3050.000000  0.001812976457
 25.000000  3150.000000  0.004653454056
 25.000000  3250.000000  0.00116224362
 25.000000  3350.000000  0.02471100069
 25.000000  3450.000000  0.05856827663
 25.000000  3550.000000   3.496441254
 25.000000  3650.000000   12.33900311
 25.000000  3750.000000   12.01139705
 25.000000  3850.000000   2.380881774
 25.000000  3950.000000    3.95085775
 25.000000  4050.000000   4.798177121
 25.000000  4150.000000   5.064521564
 25.000000  4250.000000   4.455876299
 25.000000  4350.000000   2.839872981
 25.000000  4450.000000   5.888534781
 25.000000  4550.000000   6.785706077
 25.000000  4650.000000   5.375370114
 25.000000  4750.000000   4.625662985
 25.000000  4850.000000   5.907383113
 25.000000  4950.000000   6.577193589
 25.000000  5050.000000   6.874764246
 25.000000  5150.000000   11.54709781
 25.000000  5250.000000   10.32814898
 25.000000  5350.000000    4.55726629
 25.000000  5450.000000   7.755303432
 25.000000  5550.000000   8.012107088
 25.000000  5650.000000   6.932925967
 25.000000  5750.000000   7.370442516
 25.000000  5850.000000   10.60103829
 25.000000  5950.000000   10.95102949
 25.000000  6050.000000   6.135575459
 25.000000  6150.000000   2.785695686
 25.000000  6250.000000   5.982430598
 25.000000  6350.000000   6.049557778
 25.000000  6450.000000   4.060641298
 25.000000  6550.000000   5.971495267
 25.000000  6650.000000   5.240498681
 25.000000  6750.000000   2.261350719
 25.000000  6850.000000   1.279075681
 25.000000  6950.000000    2.79152983
 25.000000  7050.000000   3.451680343
 25.000000  7150.000000    2.27799972
 25.000000  7250.000000   1.176524732
 25.000000  7350.000000   3.366025017
 25.000000  7450.000000   3.912581791
 25.000000  7550.000000   2.254650195
 25.000000  7650.000000   2.103005576
 25.000000  7750.000000   2.580666853
 25.000000  7850.000000   1.789630114
 25.000000  7950.000000   2.189727737
 25.000000  8050.000000   2.978090734
 25.000000  8150.000000   2.840994232
 25.000000  8250.000000    3.56507706
 25.000000  8350.000000   3.710536211
 25.000000  8450.000000   2.530952184
 25.000000  8550.000000      5.860151
 25.000000  8650.000000   6.857376043
 25.000000  8750.000000   3.471922686
 25.000000  8850.000000   4.224231382
 25.000000  8950.000000   19.22876423
 25.000000  9050.000000   22.21207604
 25.000000  9150.000000   13.94653825
 27.000000  2050.000000       1000000
 27.000000  2150.000000       1000000
 27.000000  2250.000000       1000000
 27.000000  2350.000000       1000000
 27.000000  2450.000000       1000000
 27.000000  2550.000000       1000000
 27.000000  2650.000000       1000000
 27.000000  2750.000000       1000000
 27.000000  2850.000000       1000000
 27.000000  2950.000000       1000000
 27.000000  3050.000000       1000000
 27.000000  3150.000000  0.001435430925
 27.000000  3250.000000  0.001087688814
 27.000000  3350.000000  0.03875246884
 27.000000  3450.000000  0.09762636631
 27.000000  3550.000000     1.6155237
 27.000000  3650.000000   4.515271311
 27.000000  3750.000000   3.608310752
 27.000000  3850.000000   1.387410344
 27.000000  3950.000000   1.020476021
 27.000000  4050.000000   1.387161733
 27.000000  4150.000000   1.639289719
 27.000000  4250.000000   1.917037354
 27.000000  4350.000000    1.50189075
 27.000000  4450.000000   1.752062962
 27.000000  4550.000000   4.185716356
 27.000000  4650.000000    4.80658268
 27.000000  4750.000000   4.051825136
 27.000000  4850.000000     5.8191485
 27.000000  4950.000000   6.049627188
 27.000000  5050.000000   4.434477051
 27.000000  5150.000000   5.227867244
 27.000000  5250.000000   4.727966023
 27.000000  5350.000000   3.297645609
 27.000000  5450.000000   8.762704288
 27.000000  5550.000000   10.75865446
 27.000000  5650.000000   7.816408177
 27.000000  5750.000000   4.752726936
 27.000000  5850.000000   3.781052252
 27.000000  5950.000000   4.523992575
 27.000000  6050.000000   3.860297848
 27.000000  6150.000000   2.624003027
 27.000000  6250.000000   4.514985661
 27.000000  6350.000000   5.620918899
 27.000000  6450.000000   5.312007095
 27.000000  6550.000000   5.502477134
 27.000000  6650.000000   6.268261188
 27.000000  6750.000000   4.852069448
 27.000000  6850.000000   1.192770215
 27.000000  6950.000000    2.25682445
 27.000000  7050.000000   2.495052172
 27.000000  7150.000000   2.301987434
 27.000000  7250.000000   2.248447064
 27.000000  7350.000000   2.657184439
 27.000000  7450.000000   2.942928367
 27.000000  7550.000000    1.83182228
 27.000000  7650.000000   1.174701686
 27.000000  7750.000000   1.389637789
 27.000000  7850.000000   1.326938279
 27.000000  7950.000000   2.497560551
 27.000000  8050.000000    3.50526286
 27.000000  8150.000000   2.644054258
 27.000000  8250.000000   1.438255847
 27.000000  8350.000000   2.703978107
 27.000000  8450.000000    7.27968828
 27.000000  8550.000000   8.900486001
 27.000000  8650.000000    6.25082161
 27.000000  8750.000000   3.653823893
 27.000000  8850.000000    4.71514058
 27.000000  8950.000000   23.13273624
 27.000000  9050.000000   28.78753394
 27.000000  9150.000000   16.21029808
 29.000000  2050.000000       1000000
 29.000000  2150.000000       1000000
 29.000000  2250.000000       1000000
 29.000000  2350.000000       1000000
 29.000000  2450.000000       1000000
 29.000000  2550.000000       1000000
 29.000000  2650.000000       1000000
 29.000000  2750.000000       1000000
 29.000000  2850.000000       1000000
 29.000000  2950.000000       1000000
 29.000000  3050.000000       1000000
 29.000000  3150.000000  0.001545600154
 29.000000  3250.000000  0.0008906563349
 29.000000  3350.000000  0.09678814546
 29.000000  3450.000000  0.1299600418
 29.000000  3550.000000   1.591831905
 29.000000  3650.000000   3.773073109
 29.000000  3750.000000   2.839328281
 29.000000  3850.000000   1.303889274
 29.000000  3950.000000  0.8245215162
 29.000000  4050.000000  0.6761157664
 29.000000  4150.000000  0.05928007926
 29.000000  4250.000000  0.05608819776
 29.000000  4350.000000  0.05176532883
 29.000000  4450.000000   1.362340384
 29.000000  4550.000000   2.785125515
 29.000000  4650.000000   3.118693791
 29.000000  4750.000000   2.710756696
 29.000000  4850.000000   4.470817168
 29.000000  4950.000000   4.715188738
 29.000000  5050.000000   2.641984641
 29.000000  5150.000000   1.716327884
 29.000000  5250.000000   1.949318422
 29.000000  5350.000000   2.100533638
 29.000000  5450.000000   5.306703388
 29.000000  5550.000000   5.554093685
 29.000000  5650.000000   2.908889766
 29.000000  5750.000000    3.63969666
 29.000000  5850.000000    4.13990577
 29.000000  5950.000000   4.208443501
 29.000000  6050.000000   3.771752283
 29.000000  6150.000000    3.12494118
 29.000000  6250.000000   2.979577774
 29.000000  6350.000000   3.402024825
 29.000000  6450.000000   3.399002406
 29.000000  6550.000000    3.88130285
 29.000000  6650.000000   5.481426546
 29.000000  6750.000000   4.688848868
 29.000000  6850.000000  0.7380510684
 29.000000  6950.000000   1.137781284
 29.000000  7050.000000   1.461355752
 29.000000  7150.000000   2.360426059
 29.000000  7250.000000   2.184614528
 29.000000  7350.000000   1.028149522
 29.000000  7450.000000   1.354150126
 29.000000  7550.000000   1.257322274
 29.000000  7650.000000     1.4087612
 29.000000  7750.000000   1.904350117
 29.000000  7850.000000   2.222156498
 29.000000  7950.000000   2.366650676
 29.000000  8050.000000   2.561395595
 29.000000  8150.000000   2.352937379
 29.000000  8250.000000   1.353723421
 29.000000  8350.000000   1.667517033
 29.000000  8450.000000   3.149485962
 29.000000  8550.000000   4.940835205
 29.000000  8650.000000   4.741950956
 29.000000  8750.000000   3.157024326
 29.000000  8850.000000   2.178714077
 29.000000  8950.000000   1.843419596
 29.000000  9050.000000   1.237563429
 29.000000  9150.000000   16.21029808
 31.000000  2050.000000       1000000
 31.000000  2150.000000       1000000
 31.000000  2250.000000       1000000
 31.000000  2350.000000       1000000
 31.000000  2450.000000       1000000
 31.000000  2550.000000       1000000
 31.000000  2650.000000       1000000
 31.000000  2750.000000       1000000
 31.000000  2850.000000       1000000
 31.000000  2950.000000       1000000
 31.000000  3050.000000       1000000
 31.000000  3150.000000       1000000
 31.000000  3250.000000  0.001981370873
 31.000000  3350.000000  0.06708557854
 31.000000  3450.000000  0.1612617521
 31.000000  3550.000000   1.669322705
 31.000000  3650.000000   5.432146275
 31.000000  3750.000000   5.066542002
 31.000000  3850.000000   3.940349781
 31.000000  3950.000000   3.350809157
 31.000000  4050.000000   2.338770635
 31.000000  4150.000000  0.7666060848
 31.000000  4250.000000  0.9903886701
 31.000000  4350.000000  0.7893881302
 31.000000  4450.000000  0.4016077499
 31.000000  4550.000000    2.07653333
 31.000000  4650.000000   2.271030579
 31.000000  4750.000000   1.872637652
 31.000000  4850.000000   3.974019425
 31.000000  4950.000000   4.223326445
 31.000000  5050.000000   2.190111562
 31.000000  5150.000000   1.420168854
 31.000000  5250.000000   3.806557604
 31.000000  5350.000000   4.916134099
 31.000000  5450.000000   5.574694768
 31.000000  5550.000000   4.673400661
 31.000000  5650.000000   2.774760546
 31.000000  5750.000000   4.249378378
 31.000000  5850.000000   4.989673915
 31.000000  5950.000000   4.994147824
 31.000000  6050.000000   4.231650728
 31.000000  6150.000000    2.94949224
 31.000000  6250.000000   1.985321155
 31.000000  6350.000000   1.323175079
 31.000000  6450.000000   1.991738472
 31.000000  6550.000000   2.344717924
 31.000000  6650.000000    3.22892823
 31.000000  6750.000000   2.834994886
 31.000000  6850.000000  0.4724674803
 31.000000  6950.000000  0.9644370167
 31.000000  7050.000000   1.312030172
 31.000000  7150.000000   1.617559767
 31.000000  7250.000000   1.473146948
 31.000000  7350.000000  0.8062297473
 31.000000  7450.000000   1.019859484
 31.000000  7550.000000   1.042184494
 31.000000  7650.000000    1.03729962
 31.000000  7750.000000   1.722748599
 31.000000  7850.000000   2.368746809
 31.000000  7950.000000   2.230275196
 31.000000  8050.000000   1.862418641
 31.000000  8150.000000   1.819553765
 31.000000  8250.000000   1.471170322
 31.000000  8350.000000   1.348499272
 31.000000  8450.000000   2.369512392
 31.000000  8550.000000   4.695280053
 31.000000  8650.000000   4.932534929
 31.000000  8750.000000   3.387533372
 31.000000  8850.000000   2.519718071
 31.000000  8950.000000   2.030372446
 31.000000  9050.000000   1.388075664
 31.000000  9150.000000   1.872820367
 33.000000  2050.000000       1000000
 33.000000  2150.000000       1000000
 33.000000  2250.000000       1000000
 33.000000  2350.000000       1000000
 33.000000  2450.000000       1000000
 33.000000  2550.000000       1000000
 33.000000  2650.000000       1000000
 33.000000  2750.000000       1000000
 33.000000  2850.000000       1000000
 33.000000  2950.000000       1000000
 33.000000  3050.000000       1000000
 33.000000  3150.000000       1000000
 33.000000  3250.000000  0.002234277167
 33.000000  3350.000000  0.06690491512
 33.000000  3450.000000  0.1617025713
 33.000000  3550.000000   1.743305092
 33.000000  3650.000000   7.489763208
 33.000000  3750.000000   5.878686917
 33.000000  3850.000000   3.059357331
 33.000000  3950.000000   1.667106352
 33.000000  4050.000000  0.05612195062
 33.000000  4150.000000  0.4718562658
 33.000000  4250.000000   2.042531824
 33.000000  4350.000000   2.580366261
 33.000000  4450.000000    1.83975079
 33.000000  4550.000000   3.518450033
 33.000000  4650.000000   3.596529188
 33.000000  4750.000000   2.330037462
 33.000000  4850.000000   4.184762228
 33.000000  4950.000000   3.838002682
 33.000000  5050.000000   2.041166359
 33.000000  5150.000000   2.741908861
 33.000000  5250.000000   6.863125199
 33.000000  5350.000000   8.007314176
 33.000000  5450.000000    9.24679894
 33.000000  5550.000000   8.842023862
 33.000000  5650.000000   6.329858158
 33.000000  5750.000000   7.411151128
 33.000000  5850.000000   7.698996926
 33.000000  5950.000000    8.22539458
 33.000000  6050.000000   6.784870385
 33.000000  6150.000000   4.083323939
 33.000000  6250.000000   3.134657538
 33.000000  6350.000000   2.688071041
 33.000000  6450.000000   4.025235169
 33.000000  6550.000000   4.375413345
 33.000000  6650.000000   3.046040037
 33.000000  6750.000000   1.025871855
 33.000000  6850.000000  0.01294046961
 33.000000  6950.000000   1.073405185
 33.000000  7050.000000   2.383639685
 33.000000  7150.000000   2.272487971
 33.000000  7250.000000   1.210813276
 33.000000  7350.000000   1.358108803
 33.000000  7450.000000   1.406959849
 33.000000  7550.000000  0.8765325509
 33.000000  7650.000000   1.121607078
 33.000000  7750.000000   1.653535816
 33.000000  7850.000000   1.095605004
 33.000000  7950.000000  0.3521749101
 33.000000  8050.000000   2.064815799
 33.000000  8150.000000    1.87290844
 33.000000  8250.000000   1.179974989
 33.000000  8350.000000   1.313978533
 33.000000  8450.000000  0.03352369237
 33.000000  8550.000000    1.30867796
 33.000000  8650.000000   1.646349507
 33.000000  8750.000000   3.897374723
 33.000000  8850.000000   2.856948005
 33.000000  8950.000000   2.433758427
 33.000000  9050.000000     1.5548209
 33.000000  9150.000000   2.041403284
 35.000000  2050.000000       1000000
 35.000000  2150.000000       1000000
 35.000000  2250.000000       1000000
 35.000000  2350.000000       1000000
 35.000000  2450.000000       1000000
 35.000000  2550.000000       1000000
 35.000000  2650.000000       1000000
 35.000000  2750.000000       1000000
 35.000000  2850.000000       1000000
 35.000000  2950.000000       1000000
 35.000000  3050.000000       1000000
 35.000000  3150.000000       1000000
 35.000000  3250.000000  0.002234277167
 35.000000  3350.000000  0.06690491512
 35.000000  3450.000000  0.1617687266
 35.000000  3550.000000   1.839158129
 35.000000  3650.000000   6.996153722
 35.000000  3750.000000   5.067458298
 35.000000  3850.000000   2.274557314
 35.000000  3950.000000   1.268909964
 35.000000  4050.000000  0.03476057961
 35.000000  4150.000000  0.6101008035
 35.000000  4250.000000   1.763273307
 35.000000  4350.000000   2.004590896
 35.000000  4450.000000   1.366372928
 35.000000  4550.000000   3.634961016
 35.000000  4650.000000   4.015175627
 35.000000  4750.000000   2.333518013
 35.000000  4850.000000   3.572111675
 35.000000  4950.000000   3.578997673
 35.000000  5050.000000   1.773145879
 35.000000  5150.000000   2.916459677
 35.000000  5250.000000   6.424994622
 35.000000  5350.000000   7.373560084
 35.000000  5450.000000   7.525817156
 35.000000  5550.000000   6.333663536
 35.000000  5650.000000   4.328322502
 35.000000  5750.000000   5.867474776
 35.000000  5850.000000   7.519070613
 35.000000  5950.000000   8.719127946
 35.000000  6050.000000   6.810326994
 35.000000  6150.000000   4.027224713
 35.000000  6250.000000   3.274206817
 35.000000  6350.000000   2.400928959
 35.000000  6450.000000   4.228087529
 35.000000  6550.000000   4.237113857
 35.000000  6650.000000   2.809579811
 35.000000  6750.000000   1.337026731
 35.000000  6850.000000  0.01289048407
 35.000000  6950.000000   1.007655642
 35.000000  7050.000000   2.163396889
 35.000000  7150.000000   1.931928675
 35.000000  7250.000000  0.9607397863
 35.000000  7350.000000   1.604155998
 35.000000  7450.000000   1.723365661
 35.000000  7550.000000   1.183252464
 35.000000  7650.000000   2.221419394
 35.000000  7750.000000   2.542524449
 35.000000  7850.000000   1.881308119
 35.000000  7950.000000   1.454794809
 35.000000  8050.000000   1.581047478
 35.000000  8150.000000   1.448150221
 35.000000  8250.000000  0.9987688071
 35.000000  8350.000000   1.249248748
 35.000000  8450.000000   2.229560826
 35.000000  8550.000000   2.567003451
 35.000000  8650.000000   2.399353862
 35.000000  8750.000000   2.069794483
 35.000000  8850.000000   1.149495807
 35.000000  8950.000000   2.924609964
 35.000000  9050.000000   3.372125759
 35.000000  9150.000000   2.389159352
 37.000000  2050.000000       1000000
 37.000000  2150.000000       1000000
 37.000000  2250.000000       1000000
 37.000000  2350.000000       1000000
 37.000000  2450.000000       1000000
 37.000000  2550.000000       1000000
 37.000000  2650.000000       1000000
 37.000000  2750.000000       1000000
 37.000000  2850.000000       1000000
 37.000000  2950.000000       1000000
 37.000000  3050.000000       1000000
 37.000000  3150.000000       1000000
 37.000000  3250.000000  0.001753849549
 37.000000  3350.000000  0.06688943966
 37.000000  3450.000000  0.1654142774
 37.000000  3550.000000   2.168483598
 37.000000  3650.000000   2.459736837
 37.000000  3750.000000   2.678403582
 37.000000  3850.000000   3.232471894
 37.000000  3950.000000   2.757180953
 37.000000  4050.000000   0.940179694
 37.000000  4150.000000  0.02462925186
 37.000000  4250.000000  0.4701618502
 37.000000  4350.000000   1.233789374
 37.000000  4450.000000   1.290293948
 37.000000  4550.000000   1.700793879
 37.000000  4650.000000   2.397476372
 37.000000  4750.000000   2.632557432
 37.000000  4850.000000   3.617286048
 37.000000  4950.000000   3.401623381
 37.000000  5050.000000   1.684951799
 37.000000  5150.000000   1.452742996
 37.000000  5250.000000   2.292975057
 37.000000  5350.000000    2.50350726
 37.000000  5450.000000   3.823448984
 37.000000  5550.000000   5.295359907
 37.000000  5650.000000   5.057101754
 37.000000  5750.000000   4.291595894
 37.000000  5850.000000   5.216332481
 37.000000  5950.000000   5.524207634
 37.000000  6050.000000   3.734098362
 37.000000  6150.000000   2.418585582
 37.000000  6250.000000   2.736735428
 37.000000  6350.000000    5.49963018
 37.000000  6450.000000   6.236506982
 37.000000  6550.000000   4.842848713
 37.000000  6650.000000   4.898282889
 37.000000  6750.000000   3.784926678
 37.000000  6850.000000   1.170618965
 37.000000  6950.000000  0.8664061052
 37.000000  7050.000000   1.389151946
 37.000000  7150.000000   1.877491042
 37.000000  7250.000000   1.653361133
 37.000000  7350.000000   1.008821366
 37.000000  7450.000000   1.621353775
 37.000000  7550.000000   1.941840091
 37.000000  7650.000000   2.830396599
 37.000000  7750.000000   3.017334913
 37.000000  7850.000000   2.285338993
 37.000000  7950.000000   1.821049693
 37.000000  8050.000000   1.033139068
 37.000000  8150.000000  0.9274683214
 37.000000  8250.000000  0.6867606399
 37.000000  8350.000000    1.07283469
 37.000000  8450.000000   2.903704762
 37.000000  8550.000000   3.031171371
 37.000000  8650.000000   2.604035362
 37.000000  8750.000000   2.419007149
 37.000000  8850.000000   1.296478669
 37.000000  8950.000000   3.442336188
 37.000000  9050.000000   3.875123625
 37.000000  9150.000000   2.404681219
 39.000000  2050.000000       1000000
 39.000000  2150.000000       1000000
 39.000000  2250.000000       1000000
 39.000000  2350.000000       1000000
 39.000000  2450.000000       1000000
 39.000000  2550.000000       1000000
 39.000000  2650.000000       1000000
 39.000000  2750.000000       1000000
 39.000000  2850.000000       1000000
 39.000000  2950.000000       1000000
 39.000000  3050.000000       1000000
 39.000000  3150.000000       1000000
 39.000000  3250.000000       1000000
 39.000000  3350.000000       1000000
 39.000000  3450.000000   1.320690624
 39.000000  3550.000000   1.505271576
 39.000000  3650.000000   2.939782531
 39.000000  3750.000000   3.502716496
 39.000000  3850.000000   5.780598095
 39.000000  3950.000000   5.655279074
 39.000000  4050.000000   2.454236394
 39.000000  4150.000000  0.6818575455
 39.000000  4250.000000    1.29594545
 39.000000  4350.000000   2.577392632
 39.000000  4450.000000   2.480582585
 39.000000  4550.000000   1.722582373
 39.000000  4650.000000   1.740841783
 39.000000  4750.000000   2.065715647
 39.000000  4850.000000   2.406265013
 39.000000  4950.000000   2.116822909
 39.000000  5050.000000   1.638227673
 39.000000  5150.000000   3.076442458
 39.000000  5250.000000   5.753083352
 39.000000  5350.000000   5.597897128
 39.000000  5450.000000    3.84447772
 39.000000  5550.000000    5.65071744
 39.000000  5650.000000   6.509028073
 39.000000  5750.000000   4.428483285
 39.000000  5850.000000   1.479414331
 39.000000  5950.000000   2.587703277
 39.000000  6050.000000   3.373810129
 39.000000  6150.000000   2.670343296
 39.000000  6250.000000   3.238328664
 39.000000  6350.000000    7.20788316
 39.000000  6450.000000   6.926163402
 39.000000  6550.000000   5.856665899
 39.000000  6650.000000   7.606514035
 39.000000  6750.000000   5.514199666
 39.000000  6850.000000   1.271917502
 39.000000  6950.000000  0.7872499544
 39.000000  7050.000000   2.585614052
 39.000000  7150.000000   3.349805956
 39.000000  7250.000000   2.680361778
 39.000000  7350.000000   1.098135098
 39.000000  7450.000000   1.437671281
 39.000000  7550.000000    1.73306395
 39.000000  7650.000000   2.333992676
 39.000000  7750.000000    2.54478859
 39.000000  7850.000000   1.949941975
 39.000000  7950.000000   1.525533481
 39.000000  8050.000000  0.8584700064
 39.000000  8150.000000  0.7471580058
 39.000000  8250.000000  0.6977250496
 39.000000  8350.000000   1.156501294
 39.000000  8450.000000   2.475756209
 39.000000  8550.000000   2.519981187
 39.000000  8650.000000   2.173398682
 39.000000  8750.000000   2.021718898
 39.000000  8850.000000   1.119584075
 39.000000  8950.000000   2.903056726
 39.000000  9050.000000   3.455651354
 39.000000  9150.000000   2.604134482
 41.000000  2050.000000       1000000
 41.000000  2150.000000       1000000
 41.000000  2250.000000       1000000
 41.000000  2350.000000       1000000
 41.000000  2450.000000       1000000
 41.000000  2550.000000       1000000
 41.000000  2650.000000       1000000
 41.000000  2750.000000       1000000
 41.000000  2850.000000       1000000
 41.000000  2950.000000       1000000
 41.000000  3050.000000       1000000
 41.000000  3150.000000       1000000
 41.000000  3250.000000       1000000
 41.000000  3350.000000       1000000
 41.000000  3450.000000   1.320690624
 41.000000  3550.000000   1.505271576
 41.000000  3650.000000   2.754286026
 41.000000  3750.000000   3.518506476
 41.000000  3850.000000    6.65361112
 41.000000  3950.000000   7.005662197
 41.000000  4050.000000   3.769434039
 41.000000  4150.000000   1.676157037
 41.000000  4250.000000   2.674598649
 41.000000  4350.000000   4.194560297
 41.000000  4450.000000   3.352601771
 41.000000  4550.000000   2.595616145
 41.000000  4650.000000   2.533630932
 41.000000  4750.000000   2.246562979
 41.000000  4850.000000   2.387205142
 41.000000  4950.000000    2.18006472
 41.000000  5050.000000   2.366056349
 41.000000  5150.000000   3.855618681
 41.000000  5250.000000   7.914482834
 41.000000  5350.000000   8.026418017
 41.000000  5450.000000    5.61486208
 41.000000  5550.000000   7.330546768
 41.000000  5650.000000   7.248959153
 41.000000  5750.000000   4.606919056
 41.000000  5850.000000   3.037645968
 41.000000  5950.000000   5.236603202
 41.000000  6050.000000   6.378053383
 41.000000  6150.000000   4.755611625
 41.000000  6250.000000   3.752748363
 41.000000  6350.000000    5.96521391
 41.000000  6450.000000   5.477110235
 41.000000  6550.000000   4.893973453
 41.000000  6650.000000   5.880599229
 41.000000  6750.000000    3.96852174
 41.000000  6850.000000  0.9837279312
 41.000000  6950.000000    2.01946793
 41.000000  7050.000000   3.124041896
 41.000000  7150.000000   3.766058639
 41.000000  7250.000000   3.194835138
 41.000000  7350.000000   1.664475659
 41.000000  7450.000000   0.976732596
 41.000000  7550.000000  0.8203773837
 41.000000  7650.000000  0.3489895889
 41.000000  7750.000000  0.7588801926
 41.000000  7850.000000  0.7103463037
 41.000000  7950.000000  0.2545561158
 41.000000  8050.000000   0.171754757
 41.000000  8150.000000  0.006355043998
 41.000000  8250.000000  0.8426079006
 41.000000  8350.000000   1.401964109
 41.000000  8450.000000   0.958610325
 41.000000  8550.000000  0.3696605213
 41.000000  8650.000000  0.4762924673
 41.000000  8750.000000  0.4692702567
 41.000000  8850.000000  0.5169909171
 41.000000  8950.000000  0.7003913181
 41.000000  9050.000000   1.595822486
 41.000000  9150.000000   2.086740227
 43.000000  2050.000000       1000000
 43.000000  2150.000000       1000000
 43.000000  2250.000000       1000000
 43.000000  2350.000000       1000000
 43.000000  2450.000000       1000000
 43.000000  2550.000000       1000000
 43.000000  2650.000000       1000000
 43.000000  2750.000000       1000000
 43.000000  2850.000000       1000000
 43.000000  2950.000000       1000000
 43.000000  3050.000000       1000000
 43.000000  3150.000000       1000000
 43.000000  3250.000000       1000000
 43.000000  3350.000000       1000000
 43.000000  3450.000000       1000000
 43.000000  3550.000000   1.044516448
 43.000000  3650.000000   2.313714124
 43.000000  3750.000000   3.093935089
 43.000000  3850.000000   6.036453083
 43.000000  3950.000000   6.507157592
 43.000000  4050.000000   3.807894939
 43.000000  4150.000000   1.910546946
 43.000000  4250.000000   2.969571466
 43.000000  4350.000000   4.392790786
 43.000000  4450.000000   3.590881305
 43.000000  4550.000000   3.013200544
 43.000000  4650.000000   3.139523524
 43.000000  4750.000000   2.565607011
 43.000000  4850.000000   2.399312608
 43.000000  4950.000000   2.297364488
 43.000000  5050.000000   2.811926464
 43.000000  5150.000000   4.166094926
 43.000000  5250.000000   8.856432504
 43.000000  5350.000000   9.091327976
 43.000000  5450.000000   6.497058675
 43.000000  5550.000000   8.606332703
 43.000000  5650.000000   8.118561884
 43.000000  5750.000000   4.959243246
 43.000000  5850.000000   3.759816622
 43.000000  5950.000000    6.33061427
 43.000000  6050.000000   7.743505251
 43.000000  6150.000000    5.86597109
 43.000000  6250.000000   4.340577914
 43.000000  6350.000000   6.002250818
 43.000000  6450.000000   5.565517662
 43.000000  6550.000000    4.86781229
 43.000000  6650.000000   5.572187461
 43.000000  6750.000000     3.8427138
 43.000000  6850.000000   1.223455428
 43.000000  6950.000000   2.863476839
 43.000000  7050.000000    3.54235013
 43.000000  7150.000000   3.394187148
 43.000000  7250.000000   2.988658166
 43.000000  7350.000000   1.667800841
 43.000000  7450.000000  0.7917540835
 43.000000  7550.000000  0.5459539013
 43.000000  7650.000000  0.3489895889
 43.000000  7750.000000  0.7588801926
 43.000000  7850.000000  0.7103463037
 43.000000  7950.000000  0.2545561158
 43.000000  8050.000000   0.171754757
 43.000000  8150.000000  0.006355043998
 43.000000  8250.000000  0.8426079006
 43.000000  8350.000000   1.401964109
 43.000000  8450.000000   0.958610325
 43.000000  8550.000000  0.3696605213
 43.000000  8650.000000  0.4762924673
 43.000000  8750.000000  0.4692702567
 43.000000  8850.000000  0.5169909171
 43.000000  8950.000000  0.7003913181
 43.000000  9050.000000   1.595822486
 43.000000  9150.000000   2.086740227
 45.000000  2050.000000       1000000
 45.000000  2150.000000       1000000
 45.000000  2250.000000       1000000
 45.000000  2350.000000       1000000
 45.000000  2450.000000       1000000
 45.000000  2550.000000       1000000
 45.000000  2650.000000       1000000
 45.000000  2750.000000       1000000
 45.000000  2850.000000       1000000
 45.000000  2950.000000       1000000
 45.000000  3050.000000       1000000
 45.000000  3150.000000       1000000
 45.000000  3250.000000       1000000
 45.000000  3350.000000       1000000
 45.000000  3450.000000       1000000
 45.000000  3550.000000       1000000
 45.000000  3650.000000   2.617300495
 45.000000  3750.000000   2.929913506
 45.000000  3850.000000   5.695925534
 45.000000  3950.000000   6.309180921
 45.000000  4050.000000   3.994979066
 45.000000  4150.000000   2.171510897
 45.000000  4250.000000   3.312580369
 45.000000  4350.000000   4.720804956
 45.000000  4450.000000   3.769647865
 45.000000  4550.000000   3.273462659
 45.000000  4650.000000   3.495772993
 45.000000  4750.000000   2.740001678
 45.000000  4850.000000   2.413556858
 45.000000  4950.000000   2.390996656
 45.000000  5050.000000   3.097348657
 45.000000  5150.000000   4.146175833
 45.000000  5250.000000    8.97054161
 45.000000  5350.000000   9.313829433
 45.000000  5450.000000   6.847213712
 45.000000  5550.000000   9.079385159
 45.000000  5650.000000   8.141960421
 45.000000  5750.000000   4.788482144
 45.000000  5850.000000   4.099836543
 45.000000  5950.000000   6.805846353
 45.000000  6050.000000   8.365043134
 45.000000  6150.000000   6.466052271
 45.000000  6250.000000   4.532831003
 45.000000  6350.000000   5.055315892
 45.000000  6450.000000   4.765875326
 45.000000  6550.000000    4.18578339
 45.000000  6650.000000   4.284012128
 45.000000  6750.000000   3.028009322
 45.000000  6850.000000   1.317396764
 45.000000  6950.000000   3.301525446
 45.000000  7050.000000   3.811704285
 45.000000  7150.000000   3.187837073
 45.000000  7250.000000   2.912344149
 45.000000  7350.000000   1.747753965
 45.000000  7450.000000  0.7391828147
 45.000000  7550.000000   0.427181174
 45.000000  7650.000000       1000000
 45.000000  7750.000000       1000000
 45.000000  7850.000000       1000000
 45.000000  7950.000000       1000000
 45.000000  8050.000000       1000000
 45.000000  8150.000000       1000000
 45.000000  8250.000000       1000000
 45.000000  8350.000000       1000000
 45.000000  8450.000000       1000000
 45.000000  8550.000000       1000000
 45.000000  8650.000000       1000000
 45.000000  8750.000000       1000000
 45.000000  8850.000000       1000000
 45.000000  8950.000000       1000000
 45.000000  9050.000000       1000000
 45.000000  9150.000000       1000000
 47.000000  2050.000000       1000000
 47.000000  2150.000000       1000000
 47.000000  2250.000000       1000000
 47.000000  2350.000000       1000000
 47.000000  2450.000000       1000000
 47.000000  2550.000000       1000000
 47.000000  2650.000000       1000000
 47.000000  2750.000000       1000000
 47.000000  2850.000000       1000000
 47.000000  2950.000000       1000000
 47.000000  3050.000000       1000000
 47.000000  3150.000000       1000000
 47.000000  3250.000000       1000000
 47.000000  3350.000000       1000000
 47.000000  3450.000000       1000000
 47.000000  3550.000000       1000000
 47.000000  3650.000000       1000000
 47.000000  3750.000000       1000000
 47.000000  3850.000000       1000000
 47.000000  3950.000000       1000000
 47.000000  4050.000000       1000000
 47.000000  4150.000000       1000000
 47.000000  4250.000000       1000000
 47.000000  4350.000000       1000000
 47.000000  4450.000000       1000000
 47.000000  4550.000000       1000000
 47.000000  4650.000000       1000000
 47.000000  4750.000000       1000000
 47.000000  4850.000000       1000000
 47.000000  4950.000000       1000000
 47.000000  5050.000000       1000000
 47.000000  5150.000000       1000000
 47.000000  5250.000000       1000000
 47.000000  5350.000000       1000000
 47.000000  5450.000000       1000000
 47.000000  5550.000000       1000000
 47.000000  5650.000000       1000000
 47.000000  5750.000000       1000000
 47.000000  5850.000000       1000000
 47.000000  5950.000000       1000000
 47.000000  6050.000000       1000000
 47.000000  6150.000000       1000000
 47.000000  6250.000000       1000000
 47.000000  6350.000000       1000000
 47.000000  6450.000000       1000000
 47.000000  6550.000000       1000000
 47.000000  6650.000000       1000000
 47.000000  6750.000000       1000000
 47.000000  6850.000000       1000000
 47.000000  6950.000000       1000000
 47.000000  7050.000000       1000000
 47.000000  7150.000000       1000000
 47.000000  7250.000000       1000000
 47.000000  7350.000000       1000000
 47.000000  7450.000000       1000000
 47.000000  7550.000000       1000000
 47.000000  7650.000000       1000000
 47.000000  7750.000000       1000000
 47.000000  7850.000000       1000000
 47.000000  7950.000000       1000000
 47.000000  8050.000000       1000000
 47.000000  8150.000000       1000000
 47.000000  8250.000000       1000000
 47.000000  8350.000000       1000000
 47.000000  8450.000000       1000000
 47.000000  8550.000000       1000000
 47.000000  8650.000000       1000000
 47.000000  8750.000000       1000000
 47.000000  8850.000000       1000000
 47.000000  8950.000000       1000000
 47.000000  9050.000000       1000000
 47.000000  9150.000000       1000000
 49.000000  2050.000000       1000000
 49.000000  2150.000000       1000000
 49.000000  2250.000000       1000000
 49.000000  2350.000000       1000000
 49.000000  2450.000000       1000000
 49.000000  2550.000000       1000000
 49.000000  2650.000000       1000000
 49.000000  2750.000000       1000000
 49.000000  2850.000000       1000000
 49.000000  2950.000000       1000000
 49.000000  3050.000000       1000000
 49.000000  3150.000000       1000000
 49.000000  3250.000000       1000000
 49.000000  3350.000000       1000000
 49.000000  3450.000000       1000000
 49.000000  3550.000000       1000000
 49.000000  3650.000000       1000000
 49.000000  3750.000000       1000000
 49.000000  3850.000000       1000000
 49.000000  3950.000000       1000000
 49.000000  4050.000000       1000000
 49.000000  4150.000000       1000000
 49.000000  4250.000000       1000000
 49.000000  4350.000000       1000000
 49.000000  4450.000000       1000000
 49.000000  4550.000000       1000000
 49.000000  4650.000000       1000000
 49.000000  4750.000000       1000000
 49.000000  4850.000000       1000000
 49.000000  4950.000000       1000000
 49.000000  5050.000000       1000000
 49.000000  5150.000000       1000000
 49.000000  5250.000000       1000000
 49.000000  5350.000000       1000000
 49.000000  5450.000000       1000000
 49.000000  5550.000000       1000000
 49.000000  5650.000000       1000000
 49.000000  5750.000000       1000000
 49.000000  5850.000000       1000000
 49.000000  5950.000000       1000000
 49.000000  6050.000000       1000000
 49.000000  6150.000000       1000000
 49.000000  6250.000000       1000000
 49.000000  6350.000000       1000000
 49.000000  6450.000000       1000000
 49.000000  6550.000000       1000000
 49.000000  6650.000000       1000000
 49.000000  6750.000000       1000000
 49.000000  6850.000000       1000000
 49.000000  6950.000000       1000000
 49.000000  7050.000000       1000000
 49.000000  7150.000000       1000000
 49.000000  7250.000000       1000000
 49.000000  7350.000000       1000000
 49.000000  7450.000000       1000000
 49.000000  7550.000000       1000000
 49.000000  7650.000000       1000000
 49.000000  7750.000000       1000000
 49.000000  7850.000000       1000000
 49.000000  7950.000000       1000000
 49.000000  8050.000000       1000000
 49.000000  8150.000000       1000000
 49.000000  8250.000000       1000000
 49.000000  8350.000000       1000000
 49.000000  8450.000000       1000000
 49.000000  8550.000000       1000000
 49.000000  8650.000000       1000000
 49.000000  8750.000000       1000000
 49.000000  8850.000000       1000000
 49.000000  8950.000000       1000000
 49.000000  9050.000000       1000000
 49.000000  9150.000000       1000000
